47   call           0       0       0       0       1       0       0       0       0       0       0.5     0.032   0.0     0       0.0     1.0     
1    alloca         0       0       0       0       0       0       0       1       0       0       1.0     0.032   0.02    1       0.79    0.19    
3    load           0       0       0       0       0       0       0       0       1       0       1.0     0.032   0.28    1       0.0     0.72    
14   fmul           1       0       0       0       0       0       0       0       0       0       1.0     0.022   0.76    1       0.0     0.24    
28   call           0       0       0       0       1       0       0       0       0       0       0.5     0.022   0.0     0       0.0     1.0     
4    fmul           1       0       0       0       0       0       0       0       0       0       1.0     0.032   0.28    1       0.0     0.72    
42   fcmp           0       0       0       1       0       0       0       0       0       0       0.02    0.034   1.0     1       0.0     0.0     
11   call           0       0       0       0       1       0       0       0       0       0       1.0     0.022   0.75    1       0.0     0.25    
25   load           0       0       0       0       0       0       0       0       1       0       1.0     0.022   0.27    1       0.0     0.73    
51   fdiv           1       0       0       0       0       0       0       0       0       0       1.0     0.032   0.79    1       0.0     0.21    
30   load           0       0       0       0       0       0       0       0       1       0       1.0     0.022   0.78    1       0.0     0.22    
44   load           0       0       0       0       0       0       0       0       1       0       1.0     0.032   0.79    1       0.0     0.21    
26   load           0       0       0       0       0       0       0       0       1       0       1.0     0.022   0.75    1       0.0     0.25    
37   load           0       0       0       0       0       0       0       0       1       0       1.0     0.034   0.11    1       0.0     0.89    
15   fdiv           1       0       0       0       0       0       0       0       0       0       1.0     0.022   0.75    1       0.0     0.25    
40   fmul           1       0       0       0       0       0       0       0       0       0       1.0     0.034   0.06    1       0.0     0.94    
12   fmul           1       0       0       0       0       0       0       0       0       0       1.0     0.022   0.75    1       0.0     0.25    
53   fadd           1       0       0       0       0       0       0       0       0       0       1.0     0.032   0.82    1       0.0     0.18    
9    alloca         0       0       0       0       0       0       0       1       0       0       1.0     0.022   0.04    1       0.8     0.16    
45   load           0       0       0       0       0       0       0       0       1       0       1.0     0.032   0.28    1       0.0     0.72    
39   fmul           1       0       0       0       0       0       0       0       0       0       1.0     0.034   0.06    1       0.0     0.94    
27   call           0       0       0       0       1       0       0       0       0       0       1.0     0.022   0.75    1       0.0     0.25    
41   fadd           1       0       0       0       0       0       0       0       0       0       1.0     0.034   0.06    1       0.0     0.94    
50   fmul           1       0       0       0       0       0       0       0       0       0       1.0     0.032   0.78    1       0.0     0.22    
7    fdiv           1       0       0       0       0       0       0       0       0       0       1.0     0.032   0.28    1       0.0     0.72    
5    call           0       0       0       0       1       0       0       0       0       0       1.0     0.032   0.28    1       0.0     0.72    
34   call           0       0       0       0       1       0       0       0       0       0       0.5     0.002   0.0     0       0.0     1.0     
31   fadd           1       0       0       0       0       0       0       0       0       0       1.0     0.022   0.89    1       0.0     0.11    
13   load           0       0       0       0       0       0       0       0       1       0       1.0     0.022   0.75    1       0.0     0.25    
23   fcmp           0       0       0       1       0       0       0       0       0       0       0.02    0.024   1.0     1       0.0     0.0     
49   call           0       0       0       0       1       0       0       0       0       0       1.0     0.032   0.78    1       0.0     0.22    
17   alloca         0       0       0       0       0       0       0       1       0       0       1.0     0.002   0.0     0       0.73    0.27    
18   alloca         0       0       0       0       0       0       0       1       0       0       1.0     0.002   0.0     0       0.81    0.19    
52   load           0       0       0       0       0       0       0       0       1       0       1.0     0.032   0.75    1       0.0     0.25    
22   load           0       0       0       0       0       0       0       0       1       0       1.0     0.024   0.18    1       0.0     0.82    
6    fmul           1       0       0       0       0       0       0       0       0       0       1.0     0.032   0.28    1       0.0     0.72    
38   call           0       0       0       0       1       0       0       0       0       0       1.0     0.034   0.15    1       0.0     0.85    
46   call           0       0       0       0       1       0       0       0       0       0       1.0     0.032   0.28    1       0.0     0.72    
