19   select         0       0       0       0       0       0       0       0       0       0       0.5     0.005   0.23    1       0.76    0.01    
71   alloca         0       0       0       0       0       0       0       1       0       0       1.0     0.0     0.0     0       0.75    0.25    
1    alloca         0       0       0       0       0       0       0       1       0       0       1.0     0.005   0.02    1       0.78    0.2     
55   load           0       0       0       0       0       0       0       0       1       0       0.5     0.039   0.03    1       0.0     0.97    
42   icmp           0       0       0       1       0       0       0       0       0       0       0.02    0.044   1.0     1       0.0     0.0     
25   load           0       0       0       0       0       0       0       0       1       0       0.5     0.034   0.77    1       0.0     0.23    
83   trunc          0       0       0       0       0       0       0       0       0       0       0.5     0.005   0.25    1       0.75    0.0     
16   load           0       0       0       0       0       0       0       0       1       0       0.5     0.005   0.03    1       0.0     0.97    
44   load           0       0       0       0       0       0       0       0       1       0       1.0     0.039   0.02    1       0.0     0.98    
78   icmp           0       0       0       1       0       0       0       0       0       0       0.02    0.005   1.0     1       0.0     0.0     
2    alloca         0       0       0       0       0       0       0       1       0       0       1.0     0.005   0.05    1       0.79    0.16    
86   getelementptr  0       0       0       0       0       0       0       1       0       0       1.0     0.005   0.24    1       0.76    0.0     
40   add            0       1       0       0       0       0       0       0       0       0       0.5     0.044   0.22    1       0.67    0.1     
35   add            0       1       0       0       0       0       0       0       0       0       0.5     0.03    0.86    1       0.03    0.11    
72   alloca         0       0       0       0       0       0       0       1       0       0       1.0     0.0     0.05    1       0.8     0.16    
62   load           0       0       0       0       0       0       0       0       1       0       1.0     0.007   0.22    1       0.78    0.0     
30   getelementptr  0       0       0       0       0       0       0       1       0       0       1.0     0.03    0.22    1       0.78    0.0     
73   alloca         0       0       0       0       0       0       0       1       0       0       1.0     0.0     0.09    1       0.81    0.09    
47   ashr           0       0       0       0       0       0       0       0       0       0       1.0     0.039   0.02    1       0.0     0.98    
5    alloca         0       0       0       0       0       0       0       1       0       0       1.0     0.005   0.01    1       0.78    0.21    
13   load           0       0       0       0       0       0       0       0       1       0       0.5     0.005   0.69    1       0.03    0.28    
34   load           0       0       0       0       0       0       0       0       1       0       0.5     0.03    0.86    1       0.03    0.11    
48   and            0       0       1       0       0       0       0       0       0       0       1.0     0.039   0.12    1       0.0     0.88    
49   add            0       1       0       0       0       0       0       0       0       0       1.0     0.039   0.12    1       0.0     0.88    
17   srem           0       0       0       0       0       0       0       0       0       0       0.5     0.005   0.2     1       0.0     0.8     
87   call           0       0       0       0       1       0       0       0       0       0       0.5     0.005   0.0     0       0.0     1.0     
26   load           0       0       0       0       0       0       0       0       1       0       0.5     0.034   0.15    1       0.0     0.85    
6    alloca         0       0       0       0       0       0       0       1       0       0       1.0     0.005   0.02    1       0.82    0.15    
80   getelementptr  0       0       0       0       0       0       0       1       0       0       1.0     0.005   0.22    1       0.78    0.0     
46   zext           0       0       0       0       0       0       0       0       0       0       1.0     0.039   0.03    1       0.0     0.97    
81   load           0       0       0       0       0       0       0       0       1       0       1.0     0.005   0.13    1       0.0     0.87    
50   trunc          0       0       0       0       0       0       0       0       0       0       0.12    0.039   1.0     1       0.0     0.0     
14   ashr           0       0       0       0       0       0       0       0       0       0       0.5     0.005   0.76    1       0.01    0.24    
68   load           0       0       0       0       0       0       0       0       1       0       1.0     0.005   0.02    1       0.76    0.23    
56   srem           0       0       0       0       0       0       0       0       0       0       0.5     0.039   0.19    1       0.0     0.81    
4    alloca         0       0       0       0       0       0       0       1       0       0       1.0     0.005   0.06    1       0.79    0.15    
11   load           0       0       0       0       0       0       0       0       1       0       0.5     0.005   0.22    1       0.76    0.02    
15   add            0       1       0       0       0       0       0       0       0       0       0.5     0.005   0.76    1       0.01    0.23    
59   load           0       0       0       0       0       0       0       0       1       0       0.5     0.012   0.42    1       0.0     0.58    
63   getelementptr  0       0       0       0       0       0       0       1       0       0       1.0     0.007   0.22    1       0.78    0.0     
90   add            0       1       0       0       0       0       0       0       0       0       1.0     0.005   0.92    1       0.02    0.06    
85   load           0       0       0       0       0       0       0       0       1       0       1.0     0.005   1.0     1       0.0     0.0     
51   load           0       0       0       0       0       0       0       0       1       0       1.0     0.039   0.22    1       0.78    0.0     
21   sub            0       1       0       0       0       0       0       0       0       0       0.5     0.005   0.2     1       0.62    0.18    
3    alloca         0       0       0       0       0       0       0       1       0       0       1.0     0.005   0.05    1       0.8     0.15    
12   load           0       0       0       0       0       0       0       0       1       0       0.5     0.005   0.77    1       0.01    0.23    
52   getelementptr  0       0       0       0       0       0       0       1       0       0       1.0     0.039   0.2     1       0.78    0.03    
20   sub            0       1       0       0       0       0       0       0       0       0       0.5     0.005   0.76    1       0.01    0.24    
45   load           0       0       0       0       0       0       0       0       1       0       0.5     0.039   0.05    1       0.0     0.95    
39   load           0       0       0       0       0       0       0       0       1       0       0.5     0.044   0.25    1       0.75    0.0     
77   load           0       0       0       0       0       0       0       0       1       0       1.0     0.005   0.87    1       0.0     0.13    
89   load           0       0       0       0       0       0       0       0       1       0       1.0     0.005   0.92    1       0.02    0.06    
57   icmp           0       0       0       1       0       0       0       0       0       0       0.02    0.039   0.88    1       0.0     0.12    
29   load           0       0       0       0       0       0       0       0       1       0       1.0     0.03    0.21    1       0.79    0.0     
60   icmp           0       0       0       1       0       0       0       0       0       0       0.02    0.012   1.0     1       0.0     0.0     
82   load           0       0       0       0       0       0       0       0       1       0       1.0     0.005   0.12    1       0.38    0.5     
18   icmp           0       0       0       1       0       0       0       0       0       0       0.02    0.005   0.81    1       0.0     0.19    
27   icmp           0       0       0       1       0       0       0       0       0       0       0.02    0.034   1.0     1       0.0     0.0     
