71   bitcast        0       0       0       0       0       0       1       0       0       0       1.0     0.004   0.3     1       0.7     0.0     
1    alloca         0       0       0       0       0       0       0       1       0       0       1.0     0.025   0.0     0       0.77    0.23    
31   alloca         0       0       0       0       0       0       0       1       0       0       1.0     0.004   0.03    1       0.69    0.28    
53   getelementptr  0       0       0       0       0       0       0       1       0       0       1.0     0.025   0.26    1       0.57    0.17    
20   load           0       0       0       0       0       0       0       0       1       0       0.5     0.012   0.0     0       0.0     1.0     
61   phi            0       0       0       0       0       0       0       0       0       1       0.02    0.025   1.0     1       0.0     0.0     
51   load           0       0       0       0       0       0       0       0       1       0       0.5     0.025   0.42    1       0.42    0.17    
8    getelementptr  0       0       0       0       0       0       0       1       0       0       1.0     0.025   0.15    1       0.69    0.16    
88   load           0       0       0       0       0       0       0       0       1       0       0.5     0.02    0.78    1       0.03    0.19    
16   load           0       0       0       0       0       0       0       0       1       0       0.5     0.025   0.03    1       0.0     0.97    
44   load           0       0       0       0       0       0       0       0       1       0       1.0     0.004   0.02    1       0.98    0.0     
58   load           0       0       0       0       0       0       0       0       1       0       0.5     0.02    0.47    1       0.0     0.53    
78   load           0       0       0       0       0       0       0       0       1       0       0.5     0.025   0.2     1       0.0     0.8     
2    alloca         0       0       0       0       0       0       0       1       0       0       1.0     0.025   0.03    1       0.73    0.24    
86   call           0       0       0       0       1       0       0       0       0       0       0.5     0.02    0.0     0       0.0     1.0     
55   call           0       0       0       0       1       0       0       0       0       0       0.5     0.025   0.83    1       0.0     0.17    
10   load           0       0       0       0       0       0       0       0       1       0       1.0     0.025   0.14    1       0.68    0.18    
24   phi            0       0       0       0       0       0       0       0       0       1       0.5     0.025   0.05    1       0.0     0.95    
54   getelementptr  0       0       0       0       0       0       0       1       0       0       1.0     0.025   0.26    1       0.57    0.17    
30   alloca         0       0       0       0       0       0       0       1       0       0       1.0     0.004   0.0     0       0.75    0.25    
7    bitcast        0       0       0       0       0       0       1       0       0       0       1.0     0.025   0.15    1       0.69    0.16    
73   sext           0       0       0       0       0       0       1       0       0       0       1.0     0.004   0.03    1       0.7     0.27    
47   call           0       0       0       0       1       0       0       0       0       0       1.0     0.004   0.05    1       0.95    0.0     
28   alloca         0       0       0       0       0       0       0       1       0       0       1.0     0.004   0.0     0       0.77    0.23    
13   getelementptr  0       0       0       0       0       0       0       1       0       0       1.0     0.025   0.15    1       0.67    0.18    
64   add            0       1       0       0       0       0       0       0       0       0       0.5     0.02    0.5     1       0.5     0.0     
17   icmp           0       0       0       1       0       0       0       0       0       0       0.02    0.025   1.0     1       0.0     0.0     
84   getelementptr  0       0       0       0       0       0       0       1       0       0       1.0     0.02    0.31    1       0.69    0.0     
52   sext           0       0       0       0       0       0       1       0       0       0       1.0     0.025   0.21    1       0.53    0.26    
6    load           0       0       0       0       0       0       0       0       1       0       1.0     0.025   0.15    1       0.68    0.17    
14   call           0       0       0       0       1       0       0       0       0       0       0.5     0.025   0.03    1       0.0     0.97    
46   load           0       0       0       0       0       0       0       0       1       0       1.0     0.004   0.0     0       1.0     0.0     
69   call           0       0       0       0       1       0       0       0       0       0       0.5     0.004   0.0     0       0.0     1.0     
70   getelementptr  0       0       0       0       0       0       0       1       0       0       1.0     0.004   0.31    1       0.69    0.0     
81   load           0       0       0       0       0       0       0       0       1       0       0.5     0.02    0.5     1       0.5     0.0     
79   icmp           0       0       0       1       0       0       0       0       0       0       0.02    0.025   1.0     1       0.0     0.0     
32   alloca         0       0       0       0       0       0       0       1       0       0       1.0     0.004   0.08    1       0.75    0.17    
50   load           0       0       0       0       0       0       0       0       1       0       1.0     0.025   0.05    1       0.94    0.01    
72   load           0       0       0       0       0       0       0       0       1       0       0.5     0.004   0.06    1       0.5     0.44    
68   load           0       0       0       0       0       0       0       0       1       0       0.5     0.004   1.0     1       0.0     0.0     
56   icmp           0       0       0       1       0       0       0       0       0       0       0.02    0.025   1.0     1       0.0     0.0     
11   bitcast        0       0       0       0       0       0       1       0       0       0       1.0     0.025   0.15    1       0.7     0.15    
22   select         0       0       0       0       0       0       0       0       0       0       0.5     0.012   0.03    1       0.0     0.97    
59   icmp           0       0       0       1       0       0       0       0       0       0       0.02    0.02    1.0     1       0.0     0.0     
63   load           0       0       0       0       0       0       0       0       1       0       0.5     0.02    0.5     1       0.5     0.0     
77   load           0       0       0       0       0       0       0       0       1       0       0.5     0.025   0.77    1       0.0     0.23    
85   getelementptr  0       0       0       0       0       0       0       1       0       0       1.0     0.02    0.32    1       0.68    0.0     
83   getelementptr  0       0       0       0       0       0       0       1       0       0       1.0     0.02    0.31    1       0.69    0.0     
21   icmp           0       0       0       1       0       0       0       0       0       0       0.02    0.012   0.0     0       0.0     1.0     
37   load           0       0       0       0       0       0       0       0       1       0       0.5     0.004   0.0     0       0.06    0.94    
3    alloca         0       0       0       0       0       0       0       1       0       0       1.0     0.025   0.0     0       0.72    0.28    
12   getelementptr  0       0       0       0       0       0       0       1       0       0       1.0     0.025   0.16    1       0.68    0.16    
9    getelementptr  0       0       0       0       0       0       0       1       0       0       1.0     0.025   0.15    1       0.69    0.16    
45   getelementptr  0       0       0       0       0       0       0       1       0       0       1.0     0.004   0.0     0       1.0     0.0     
26   alloca         0       0       0       0       0       0       0       1       0       0       1.0     0.004   0.0     0       0.72    0.28    
89   add            0       1       0       0       0       0       0       0       0       0       0.5     0.02    0.79    1       0.03    0.18    
29   alloca         0       0       0       0       0       0       0       1       0       0       1.0     0.004   0.03    1       0.73    0.23    
82   sext           0       0       0       0       0       0       1       0       0       0       1.0     0.02    0.25    1       0.64    0.11    
38   icmp           0       0       0       1       0       0       0       0       0       0       0.02    0.004   0.0     0       1.0     0.0     
27   alloca         0       0       0       0       0       0       0       1       0       0       1.0     0.004   0.0     0       0.7     0.3     
