193  getelementptr  0       0       0       0       0       0       0       1       0       0       1.0     0.015   0.0     0       0.77    0.23    
187  load           0       0       0       0       0       0       0       0       1       0       0.5     0.015   0.0     0       0.03    0.97    
100  load           0       0       0       0       0       0       0       0       1       0       1.0     0.0     0.0     0       0.84    0.16    
214  getelementptr  0       0       0       0       0       0       0       1       0       0       1.0     0.0     0.0     0       0.78    0.22    
103  load           0       0       0       0       0       0       0       0       1       0       1.0     0.0     0.0     0       0.8     0.2     
223  load           0       0       0       0       0       0       0       0       1       0       0.5     0.0     0.0     0       0.03    0.97    
182  sext           0       0       0       0       0       0       1       0       0       0       1.0     0.015   0.0     0       0.76    0.24    
298  load           0       0       0       0       0       0       0       0       1       0       0.5     0.0     0.89    1       0.03    0.09    
189  icmp           0       0       0       1       0       0       0       0       0       0       0.02    0.015   0.0     0       0.0     1.0     
211  load           0       0       0       0       0       0       0       0       1       0       0.5     0.0     0.0     0       0.77    0.23    
74   load           0       0       0       0       0       0       0       0       1       0       1.0     0.003   0.0     0       0.91    0.09    
108  load           0       0       0       0       0       0       0       0       1       0       1.0     0.0     0.0     0       0.78    0.22    
52   load           0       0       0       0       0       0       0       0       1       0       1.0     0.0     0.0     0       0.72    0.28    
80   load           0       0       0       0       0       0       0       0       1       0       1.0     0.0     0.0     0       1.0     0.0     
48   load           0       0       0       0       0       0       0       0       1       0       1.0     0.0     0.0     0       1.0     0.0     
198  load           0       0       0       0       0       0       0       0       1       0       0.5     0.015   0.0     0       0.76    0.24    
254  alloca         0       0       0       0       0       0       0       1       0       0       1.0     0.0     0.03    1       0.77    0.2     
232  add            0       1       0       0       0       0       0       0       0       0       0.5     0.015   0.0     0       0.03    0.97    
69   load           0       0       0       0       0       0       0       0       1       0       1.0     0.003   0.0     0       0.81    0.19    
56   load           0       0       0       0       0       0       0       0       1       0       1.0     0.0     0.0     0       0.73    0.27    
287  load           0       0       0       0       0       0       0       0       1       0       0.5     0.042   0.0     0       0.79    0.2     
282  load           0       0       0       0       0       0       0       0       1       0       1.0     0.042   0.0     0       0.93    0.07    
251  alloca         0       0       0       0       0       0       0       1       0       0       1.0     0.0     0.0     0       0.79    0.21    
205  add            0       1       0       0       0       0       0       0       0       0       0.5     0.015   0.0     0       0.0     1.0     
203  load           0       0       0       0       0       0       0       0       1       0       0.5     0.015   0.0     0       0.0     1.0     
55   load           0       0       0       0       0       0       0       0       1       0       0.5     0.0     0.0     0       0.0     1.0     
201  getelementptr  0       0       0       0       0       0       0       1       0       0       1.0     0.015   0.0     0       0.77    0.23    
107  load           0       0       0       0       0       0       0       0       1       0       0.5     0.0     0.0     0       0.03    0.97    
279  load           0       0       0       0       0       0       0       0       1       0       0.5     0.043   0.39    1       0.0     0.61    
29   alloca         0       0       0       0       0       0       0       1       0       0       1.0     0.0     0.0     0       0.76    0.24    
290  getelementptr  0       0       0       0       0       0       0       1       0       0       1.0     0.042   0.0     0       0.77    0.23    
255  alloca         0       0       0       0       0       0       0       1       0       0       1.0     0.0     0.0     0       0.83    0.17    
51   load           0       0       0       0       0       0       0       0       1       0       0.5     0.0     0.0     0       0.03    0.97    
72   icmp           0       0       0       1       0       0       0       0       0       0       0.02    0.003   0.0     0       1.0     0.0     
250  alloca         0       0       0       0       0       0       0       1       0       0       1.0     0.0     0.0     0       0.73    0.27    
213  getelementptr  0       0       0       0       0       0       0       1       0       0       1.0     0.0     0.0     0       0.76    0.24    
284  load           0       0       0       0       0       0       0       0       1       0       0.5     0.042   0.0     0       0.03    0.97    
53   getelementptr  0       0       0       0       0       0       0       1       0       0       1.0     0.0     0.0     0       0.72    0.28    
275  icmp           0       0       0       1       0       0       0       0       0       0       0.02    0.0     1.0     1       0.0     0.0     
115  load           0       0       0       0       0       0       0       0       1       0       1.0     0.0     0.0     0       1.0     0.0     
172  call           0       0       0       0       1       0       0       0       0       0       0.5     0.0     0.0     0       0.0     1.0     
63   icmp           0       0       0       1       0       0       0       0       0       0       0.02    0.0     0.0     0       1.0     0.0     
36   bitcast        0       0       0       0       0       0       1       0       0       0       1.0     0.0     0.0     0       1.0     0.0     
269  load           0       0       0       0       0       0       0       0       1       0       1.0     0.0     0.0     0       1.0     0.0     
119  load           0       0       0       0       0       0       0       0       1       0       1.0     0.0     0.0     0       1.0     0.0     
270  call           0       0       0       0       1       0       0       0       0       0       1.0     0.0     0.07    1       0.93    0.0     
91   alloca         0       0       0       0       0       0       0       1       0       0       1.0     0.0     0.01    1       0.8     0.19    
76   load           0       0       0       0       0       0       0       0       1       0       1.0     0.003   0.0     0       0.91    0.09    
280  icmp           0       0       0       1       0       0       0       0       0       0       0.02    0.043   0.51    1       0.0     0.49    
40   load           0       0       0       0       0       0       0       0       1       0       1.0     0.0     0.0     0       0.0     1.0     
206  icmp           0       0       0       1       0       0       0       0       0       0       0.02    0.015   0.01    1       0.01    0.98    
199  sext           0       0       0       0       0       0       1       0       0       0       1.0     0.015   0.0     0       0.83    0.17    
85   add            0       1       0       0       0       0       0       0       0       0       0.5     0.0     0.03    1       0.85    0.12    
195  load           0       0       0       0       0       0       0       0       1       0       0.5     0.015   0.0     0       0.0     1.0     
70   getelementptr  0       0       0       0       0       0       0       1       0       0       1.0     0.003   0.0     0       0.81    0.19    
216  load           0       0       0       0       0       0       0       0       1       0       0.5     0.0     0.0     0       0.0     1.0     
218  sext           0       0       0       0       0       0       1       0       0       0       1.0     0.0     0.0     0       0.83    0.17    
260  icmp           0       0       0       1       0       0       0       0       0       0       0.02    0.0     0.0     0       0.0     1.0     
299  add            0       1       0       0       0       0       0       0       0       0       0.5     0.0     0.89    1       0.03    0.08    
222  load           0       0       0       0       0       0       0       0       1       0       0.5     0.0     0.0     0       0.81    0.19    
192  sext           0       0       0       0       0       0       1       0       0       0       1.0     0.015   0.0     0       0.83    0.17    
219  getelementptr  0       0       0       0       0       0       0       1       0       0       1.0     0.0     0.0     0       0.77    0.23    
106  getelementptr  0       0       0       0       0       0       0       1       0       0       1.0     0.0     0.0     0       0.75    0.25    
286  sext           0       0       0       0       0       0       1       0       0       0       1.0     0.042   0.0     0       0.76    0.23    
105  load           0       0       0       0       0       0       0       0       1       0       1.0     0.0     0.0     0       0.74    0.26    
60   getelementptr  0       0       0       0       0       0       0       1       0       0       1.0     0.0     0.0     0       1.0     0.0     
196  icmp           0       0       0       1       0       0       0       0       0       0       0.02    0.015   0.01    1       0.01    0.98    
274  load           0       0       0       0       0       0       0       0       1       0       0.5     0.0     0.76    1       0.0     0.24    
112  load           0       0       0       0       0       0       0       0       1       0       0.5     0.0     0.0     0       0.0     1.0     
226  load           0       0       0       0       0       0       0       0       1       0       0.5     0.0     0.0     0       0.0     1.0     
288  sext           0       0       0       0       0       0       1       0       0       0       1.0     0.042   0.0     0       0.83    0.17    
210  add            0       1       0       0       0       0       0       0       0       0       0.5     0.0     0.0     0       0.0     1.0     
252  alloca         0       0       0       0       0       0       0       1       0       0       1.0     0.0     0.04    1       0.85    0.11    
89   alloca         0       0       0       0       0       0       0       1       0       0       1.0     0.0     0.01    1       0.81    0.18    
294  add            0       1       0       0       0       0       0       0       0       0       0.5     0.042   0.41    1       0.03    0.56    
59   load           0       0       0       0       0       0       0       0       1       0       1.0     0.0     0.0     0       1.0     0.0     
173  icmp           0       0       0       1       0       0       0       0       0       0       0.02    0.0     0.0     0       0.0     1.0     
121  load           0       0       0       0       0       0       0       0       1       0       0.5     0.0     0.03    1       0.84    0.13    
183  load           0       0       0       0       0       0       0       0       1       0       0.5     0.015   0.0     0       0.78    0.22    
185  getelementptr  0       0       0       0       0       0       0       1       0       0       1.0     0.015   0.0     0       0.77    0.23    
289  getelementptr  0       0       0       0       0       0       0       1       0       0       1.0     0.042   0.0     0       0.77    0.23    
283  call           0       0       0       0       1       0       0       0       0       0       0.5     0.042   0.0     0       0.0     1.0     
75   getelementptr  0       0       0       0       0       0       0       1       0       0       1.0     0.003   0.0     0       0.92    0.08    
97   load           0       0       0       0       0       0       0       0       1       0       1.0     0.0     0.0     0       0.0     1.0     
268  getelementptr  0       0       0       0       0       0       0       1       0       0       1.0     0.0     0.0     0       1.0     0.0     
116  getelementptr  0       0       0       0       0       0       0       1       0       0       1.0     0.0     0.0     0       1.0     0.0     
120  call           0       0       0       0       1       0       0       0       0       0       0.5     0.0     0.0     0       0.0     1.0     
184  sext           0       0       0       0       0       0       1       0       0       0       1.0     0.015   0.0     0       0.83    0.17    
30   alloca         0       0       0       0       0       0       0       1       0       0       1.0     0.0     0.02    1       0.74    0.24    
98   icmp           0       0       0       1       0       0       0       0       0       0       0.02    0.0     0.0     0       0.0     1.0     
84   load           0       0       0       0       0       0       0       0       1       0       0.5     0.0     0.02    1       0.83    0.15    
102  load           0       0       0       0       0       0       0       0       1       0       0.5     0.0     0.0     0       0.78    0.22    
253  alloca         0       0       0       0       0       0       0       1       0       0       1.0     0.0     0.04    1       0.84    0.12    
204  load           0       0       0       0       0       0       0       0       1       0       0.5     0.015   0.0     0       0.0     1.0     
194  getelementptr  0       0       0       0       0       0       0       1       0       0       1.0     0.015   0.0     0       0.76    0.24    
202  load           0       0       0       0       0       0       0       0       1       0       0.5     0.015   0.01    1       0.01    0.99    
231  load           0       0       0       0       0       0       0       0       1       0       0.5     0.015   0.0     0       0.03    0.97    
285  load           0       0       0       0       0       0       0       0       1       0       0.5     0.042   0.01    1       0.59    0.4     
90   alloca         0       0       0       0       0       0       0       1       0       0       1.0     0.0     0.01    1       0.8     0.19    
249  alloca         0       0       0       0       0       0       0       1       0       0       1.0     0.0     0.0     0       0.78    0.22    
95   load           0       0       0       0       0       0       0       0       1       0       1.0     0.0     0.0     0       1.0     0.0     
28   alloca         0       0       0       0       0       0       0       1       0       0       1.0     0.0     0.0     0       0.76    0.24    
224  load           0       0       0       0       0       0       0       0       1       0       0.5     0.0     0.0     0       0.03    0.97    
181  load           0       0       0       0       0       0       0       0       1       0       0.5     0.015   0.0     0       0.58    0.42    
178  load           0       0       0       0       0       0       0       0       1       0       0.5     0.016   0.0     0       0.0     1.0     
209  load           0       0       0       0       0       0       0       0       1       0       0.5     0.0     0.0     0       0.0     1.0     
126  load           0       0       0       0       0       0       0       0       1       0       0.5     0.0     0.0     0       0.0     1.0     
113  load           0       0       0       0       0       0       0       0       1       0       1.0     0.0     0.0     0       0.78    0.22    
212  sext           0       0       0       0       0       0       1       0       0       0       1.0     0.0     0.0     0       0.85    0.15    
217  load           0       0       0       0       0       0       0       0       1       0       0.5     0.0     0.0     0       0.8     0.2     
57   getelementptr  0       0       0       0       0       0       0       1       0       0       1.0     0.0     0.0     0       0.73    0.27    
267  load           0       0       0       0       0       0       0       0       1       0       1.0     0.0     0.02    1       0.98    0.0     
27   alloca         0       0       0       0       0       0       0       1       0       0       1.0     0.0     0.0     0       0.76    0.24    
47   load           0       0       0       0       0       0       0       0       1       0       0.5     0.0     0.0     0       0.82    0.18    
101  getelementptr  0       0       0       0       0       0       0       1       0       0       1.0     0.0     0.0     0       0.83    0.17    
122  add            0       1       0       0       0       0       0       0       0       0       0.5     0.0     0.03    1       0.85    0.12    
200  getelementptr  0       0       0       0       0       0       0       1       0       0       1.0     0.015   0.0     0       0.77    0.23    
225  add            0       1       0       0       0       0       0       0       0       0       0.5     0.0     0.0     0       0.05    0.96    
49   getelementptr  0       0       0       0       0       0       0       1       0       0       1.0     0.0     0.0     0       1.0     0.0     
208  load           0       0       0       0       0       0       0       0       1       0       0.5     0.0     0.0     0       0.0     1.0     
259  load           0       0       0       0       0       0       0       0       1       0       0.5     0.0     0.0     0       0.0     1.0     
191  load           0       0       0       0       0       0       0       0       1       0       0.5     0.015   0.0     0       0.76    0.24    
220  getelementptr  0       0       0       0       0       0       0       1       0       0       1.0     0.0     0.0     0       0.76    0.24    
110  load           0       0       0       0       0       0       0       0       1       0       1.0     0.0     0.0     0       0.73    0.27    
293  load           0       0       0       0       0       0       0       0       1       0       0.5     0.042   0.41    1       0.03    0.56    
186  getelementptr  0       0       0       0       0       0       0       1       0       0       1.0     0.015   0.0     0       0.77    0.23    
179  icmp           0       0       0       1       0       0       0       0       0       0       0.02    0.016   0.0     0       0.0     1.0     
71   load           0       0       0       0       0       0       0       0       1       0       1.0     0.003   0.0     0       0.01    0.99    
41   icmp           0       0       0       1       0       0       0       0       0       0       0.02    0.0     0.0     0       1.0     0.0     
88   alloca         0       0       0       0       0       0       0       1       0       0       1.0     0.0     0.0     0       0.76    0.24    
117  load           0       0       0       0       0       0       0       0       1       0       1.0     0.0     0.0     0       1.0     0.0     
79   load           0       0       0       0       0       0       0       0       1       0       1.0     0.0     0.0     0       1.0     0.0     
38   load           0       0       0       0       0       0       0       0       1       0       1.0     0.0     0.0     0       0.94    0.06    
31   alloca         0       0       0       0       0       0       0       1       0       0       1.0     0.0     0.0     0       0.84    0.16    
111  getelementptr  0       0       0       0       0       0       0       1       0       0       1.0     0.0     0.0     0       0.73    0.27    
81   getelementptr  0       0       0       0       0       0       0       1       0       0       1.0     0.0     0.0     0       1.0     0.0     
35   call           0       0       0       0       1       0       0       0       0       0       1.0     0.0     0.0     0       1.0     0.0     
62   load           0       0       0       0       0       0       0       0       1       0       1.0     0.0     0.0     0       0.0     1.0     
