0      17     alloca          64     0    71       29    
1      18     alloca          64     0    79       21    
2      22     load            64     0    0        100   
3      23     fcmp            1      100  0        0     
4      25     load            64     0    0        100   
5      26     load            64     1    0        99    
6      9      alloca          64     0    77       23    
7      11     call            64     1    0        99    
8      12     fmul            64     2    0        98    
9      13     load            64     2    0        98    
10     14     fmul            64     4    0        96    
11     15     fdiv            64     1    0        99    
12     27     call            64     2    0        98    
13     28     call            32     0    0        100   
14     30     load            64     3    0        97    
15     31     fadd            64     94   0        6     
16     22     load            64     9    0        91    
17     23     fcmp            1      100  0        0     
18     25     load            64     23   0        77    
19     26     load            64     84   0        16    
20     9      alloca          64     3    89       8     
21     11     call            64     84   0        16    
22     12     fmul            64     79   0        21    
23     13     load            64     84   0        16    
24     14     fmul            64     81   0        19    
25     15     fdiv            64     84   0        16    
26     27     call            64     75   0        25    
27     28     call            32     0    0        100   
28     30     load            64     100  0        0     
29     31     fadd            64     97   0        3     
30     22     load            64     8    0        92    
31     23     fcmp            1      100  0        0     
32     25     load            64     21   0        79    
33     26     load            64     83   0        17    
34     9      alloca          64     4    82       14    
35     11     call            64     83   0        17    
36     12     fmul            64     82   0        18    
37     13     load            64     83   0        17    
38     14     fmul            64     86   0        14    
39     15     fdiv            64     84   0        16    
40     27     call            64     84   0        16    
41     28     call            32     0    0        100   
42     30     load            64     96   0        4     
43     31     fadd            64     98   0        2     
44     22     load            64     18   0        82    
45     23     fcmp            1      100  0        0     
46     25     load            64     35   0        65    
47     26     load            64     90   0        10    
48     9      alloca          64     4    82       14    
49     11     call            64     85   0        15    
50     12     fmul            64     76   0        24    
51     13     load            64     88   0        12    
52     14     fmul            64     91   0        9     
53     15     fdiv            64     85   0        15    
54     27     call            64     93   0        7     
55     28     call            32     0    0        100   
56     30     load            64     98   0        2     
57     31     fadd            64     99   0        1     
58     22     load            64     19   0        81    
59     23     fcmp            1      100  0        0     
60     25     load            64     25   0        75    
61     26     load            64     83   0        17    
62     9      alloca          64     5    87       8     
63     11     call            64     86   0        14    
64     12     fmul            64     82   0        18    
65     13     load            64     86   0        14    
66     14     fmul            64     87   0        13    
67     15     fdiv            64     81   0        19    
68     27     call            64     83   0        17    
69     28     call            32     0    0        100   
70     30     load            64     100  0        0     
71     31     fadd            64     100  0        0     
72     22     load            64     17   0        83    
73     23     fcmp            1      100  0        0     
74     25     load            64     28   0        72    
75     26     load            64     79   0        21    
76     9      alloca          64     3    83       14    
77     11     call            64     85   0        15    
78     12     fmul            64     87   0        13    
79     13     load            64     90   0        10    
80     14     fmul            64     86   0        14    
81     15     fdiv            64     79   0        21    
82     27     call            64     89   0        11    
83     28     call            32     0    0        100   
84     30     load            64     98   0        2     
85     31     fadd            64     100  0        0     
86     22     load            64     15   0        85    
87     23     fcmp            1      100  0        0     
88     25     load            64     22   0        78    
89     26     load            64     84   0        16    
90     9      alloca          64     4    79       17    
91     11     call            64     82   0        18    
92     12     fmul            64     83   0        17    
93     13     load            64     85   0        15    
94     14     fmul            64     88   0        12    
95     15     fdiv            64     83   0        17    
96     27     call            64     92   0        8     
97     28     call            32     0    0        100   
98     30     load            64     100  0        0     
99     31     fadd            64     100  0        0     
100    22     load            64     11   0        89    
101    23     fcmp            1      100  0        0     
102    25     load            64     35   0        65    
103    26     load            64     87   0        13    
104    9      alloca          64     3    81       16    
105    11     call            64     83   0        17    
106    12     fmul            64     85   0        15    
107    13     load            64     85   0        15    
108    14     fmul            64     86   0        14    
109    15     fdiv            64     79   0        21    
110    27     call            64     84   0        16    
111    28     call            32     0    0        100   
112    30     load            64     100  0        0     
113    31     fadd            64     100  0        0     
114    22     load            64     88   0        12    
115    23     fcmp            1      100  0        0     
116    25     load            64     33   0        67    
117    26     load            64     85   0        15    
118    9      alloca          64     5    74       21    
119    11     call            64     88   0        12    
120    12     fmul            64     88   0        12    
121    13     load            64     86   0        14    
122    14     fmul            64     89   0        11    
123    15     fdiv            64     89   0        11    
124    27     call            64     85   0        15    
125    28     call            32     0    0        100   
126    30     load            64     6    0        94    
127    31     fadd            64     8    0        92    
128    22     load            64     9    0        91    
129    23     fcmp            1      100  0        0     
130    34     call            32     0    0        100   
131    37     load            64     0    0        100   
132    38     call            64     1    0        99    
133    39     fmul            64     2    0        98    
134    40     fmul            64     3    0        97    
135    41     fadd            64     2    0        98    
136    42     fcmp            1      100  0        0     
137    44     load            64     3    0        97    
138    45     load            64     5    0        95    
139    1      alloca          64     0    82       18    
140    3      load            64     2    0        98    
141    4      fmul            64     4    0        96    
142    5      call            64     2    0        98    
143    6      fmul            64     3    0        97    
144    7      fdiv            64     6    0        94    
145    46     call            64     4    0        96    
146    47     call            32     0    0        100   
147    49     call            64     90   0        10    
148    50     fmul            64     89   0        11    
149    51     fdiv            64     87   0        13    
150    52     load            64     0    0        100   
151    53     fadd            64     86   0        14    
152    37     load            64     0    0        100   
153    38     call            64     17   0        83    
154    39     fmul            64     3    0        97    
155    40     fmul            64     3    0        97    
156    41     fadd            64     3    0        97    
157    42     fcmp            1      100  0        0     
158    44     load            64     84   0        16    
159    45     load            64     33   0        67    
160    1      alloca          64     2    80       18    
161    3      load            64     31   0        69    
162    4      fmul            64     27   0        73    
163    5      call            64     19   0        81    
164    6      fmul            64     27   0        73    
165    7      fdiv            64     19   0        81    
166    46     call            64     31   0        69    
167    47     call            32     0    0        100   
168    49     call            64     80   0        20    
169    50     fmul            64     84   0        16    
170    51     fdiv            64     89   0        11    
171    52     load            64     89   0        11    
172    53     fadd            64     87   0        13    
173    37     load            64     4    0        96    
174    38     call            64     20   0        80    
175    39     fmul            64     2    0        98    
176    40     fmul            64     4    0        96    
177    41     fadd            64     5    0        95    
178    42     fcmp            1      100  0        0     
179    44     load            64     79   0        21    
180    45     load            64     31   0        69    
181    1      alloca          64     1    76       23    
182    3      load            64     28   0        72    
183    4      fmul            64     30   0        70    
184    5      call            64     28   0        72    
185    6      fmul            64     34   0        66    
186    7      fdiv            64     21   0        79    
187    46     call            64     28   0        72    
188    47     call            32     0    0        100   
189    49     call            64     88   0        12    
190    50     fmul            64     83   0        17    
191    51     fdiv            64     91   0        9     
192    52     load            64     86   0        14    
193    53     fadd            64     92   0        8     
194    37     load            64     1    0        99    
195    38     call            64     13   0        87    
196    39     fmul            64     1    0        99    
197    40     fmul            64     5    0        95    
198    41     fadd            64     7    0        93    
199    42     fcmp            1      100  0        0     
200    44     load            64     88   0        12    
201    45     load            64     21   0        79    
202    1      alloca          64     4    82       14    
203    3      load            64     28   0        72    
204    4      fmul            64     38   0        62    
205    5      call            64     35   0        65    
206    6      fmul            64     26   0        74    
207    7      fdiv            64     21   0        79    
208    46     call            64     26   0        74    
209    47     call            32     0    0        100   
210    49     call            64     88   0        12    
211    50     fmul            64     84   0        16    
212    51     fdiv            64     80   0        20    
213    52     load            64     87   0        13    
214    53     fadd            64     91   0        9     
215    37     load            64     15   0        85    
216    38     call            64     11   0        89    
217    39     fmul            64     2    0        98    
218    40     fmul            64     3    0        97    
219    41     fadd            64     7    0        93    
220    42     fcmp            1      100  0        0     
221    44     load            64     88   0        12    
222    45     load            64     20   0        80    
223    1      alloca          64     4    76       20    
224    3      load            64     20   0        80    
225    4      fmul            64     27   0        73    
226    5      call            64     29   0        71    
227    6      fmul            64     21   0        79    
228    7      fdiv            64     24   0        76    
229    46     call            64     34   0        66    
230    47     call            32     0    0        100   
231    49     call            64     86   0        14    
232    50     fmul            64     85   0        15    
233    51     fdiv            64     88   0        12    
234    52     load            64     86   0        14    
235    53     fadd            64     94   0        6     
236    37     load            64     12   0        88    
237    38     call            64     11   0        89    
238    39     fmul            64     4    0        96    
239    40     fmul            64     2    0        98    
240    41     fadd            64     3    0        97    
241    42     fcmp            1      100  0        0     
242    44     load            64     93   0        7     
243    45     load            64     26   0        74    
244    1      alloca          64     0    83       17    
245    3      load            64     32   0        68    
246    4      fmul            64     28   0        72    
247    5      call            64     28   0        72    
248    6      fmul            64     31   0        69    
249    7      fdiv            64     25   0        75    
250    46     call            64     33   0        67    
251    47     call            32     0    0        100   
252    49     call            64     85   0        15    
253    50     fmul            64     78   0        22    
254    51     fdiv            64     85   0        15    
255    52     load            64     84   0        16    
256    53     fadd            64     86   0        14    
257    37     load            64     18   0        82    
258    38     call            64     14   0        86    
259    39     fmul            64     2    0        98    
260    40     fmul            64     1    0        99    
261    41     fadd            64     2    0        98    
262    42     fcmp            1      100  0        0     
263    44     load            64     82   0        18    
264    45     load            64     28   0        72    
265    1      alloca          64     1    86       13    
266    3      load            64     26   0        74    
267    4      fmul            64     24   0        76    
268    5      call            64     25   0        75    
269    6      fmul            64     27   0        73    
270    7      fdiv            64     27   0        73    
271    46     call            64     31   0        69    
272    47     call            32     0    0        100   
273    49     call            64     81   0        19    
274    50     fmul            64     88   0        12    
275    51     fdiv            64     83   0        17    
276    52     load            64     84   0        16    
277    53     fadd            64     87   0        13    
278    37     load            64     13   0        87    
279    38     call            64     20   0        80    
280    39     fmul            64     3    0        97    
281    40     fmul            64     7    0        93    
282    41     fadd            64     4    0        96    
283    42     fcmp            1      100  0        0     
284    44     load            64     83   0        17    
285    45     load            64     27   0        73    
286    1      alloca          64     1    80       19    
287    3      load            64     24   0        76    
288    4      fmul            64     31   0        69    
289    5      call            64     34   0        66    
290    6      fmul            64     27   0        73    
291    7      fdiv            64     32   0        68    
292    46     call            64     35   0        65    
293    47     call            32     0    0        100   
294    49     call            64     84   0        16    
295    50     fmul            64     80   0        20    
296    51     fdiv            64     87   0        13    
297    52     load            64     85   0        15    
298    53     fadd            64     88   0        12    
299    37     load            64     10   0        90    
300    38     call            64     20   0        80    
301    39     fmul            64     3    0        97    
302    40     fmul            64     0    0        100   
303    41     fadd            64     4    0        96    
304    42     fcmp            1      100  0        0     
305    44     load            64     91   0        9     
306    45     load            64     33   0        67    
307    1      alloca          64     1    89       10    
308    3      load            64     30   0        70    
309    4      fmul            64     32   0        68    
310    5      call            64     23   0        77    
311    6      fmul            64     33   0        67    
312    7      fdiv            64     41   0        59    
313    46     call            64     26   0        74    
314    47     call            32     0    0        100   
315    49     call            64     85   0        15    
316    50     fmul            64     81   0        19    
317    51     fdiv            64     81   0        19    
318    52     load            64     82   0        18    
319    53     fadd            64     89   0        11    
320    37     load            64     17   0        83    
321    38     call            64     18   0        82    
322    39     fmul            64     2    0        98    
323    40     fmul            64     9    0        91    
324    41     fadd            64     4    0        96    
325    42     fcmp            1      100  0        0     
326    44     load            64     84   0        16    
327    45     load            64     24   0        76    
328    1      alloca          64     2    80       18    
329    3      load            64     27   0        73    
330    4      fmul            64     30   0        70    
331    5      call            64     28   0        72    
332    6      fmul            64     28   0        72    
333    7      fdiv            64     33   0        67    
334    46     call            64     27   0        73    
335    47     call            32     0    0        100   
336    49     call            64     80   0        20    
337    50     fmul            64     81   0        19    
338    51     fdiv            64     78   0        22    
339    52     load            64     91   0        9     
340    53     fadd            64     85   0        15    
341    37     load            64     11   0        89    
342    38     call            64     16   0        84    
343    39     fmul            64     2    0        98    
344    40     fmul            64     9    0        91    
345    41     fadd            64     9    0        91    
346    42     fcmp            1      100  0        0     
347    44     load            64     83   0        17    
348    45     load            64     35   0        65    
349    1      alloca          64     2    80       18    
350    3      load            64     25   0        75    
351    4      fmul            64     32   0        68    
352    5      call            64     32   0        68    
353    6      fmul            64     30   0        70    
354    7      fdiv            64     32   0        68    
355    46     call            64     37   0        63    
356    47     call            32     0    0        100   
357    49     call            64     74   0        26    
358    50     fmul            64     87   0        13    
359    51     fdiv            64     81   0        19    
360    52     load            64     89   0        11    
361    53     fadd            64     88   0        12    
362    37     load            64     15   0        85    
363    38     call            64     18   0        82    
364    39     fmul            64     4    0        96    
365    40     fmul            64     6    0        94    
366    41     fadd            64     8    0        92    
367    42     fcmp            1      100  0        0     
368    44     load            64     82   0        18    
369    45     load            64     34   0        66    
370    1      alloca          64     1    75       24    
371    3      load            64     37   0        63    
372    4      fmul            64     29   0        71    
373    5      call            64     29   0        71    
374    6      fmul            64     24   0        76    
375    7      fdiv            64     41   0        59    
376    46     call            64     41   0        59    
377    47     call            32     0    0        100   
378    49     call            64     87   0        13    
379    50     fmul            64     83   0        17    
380    51     fdiv            64     86   0        14    
381    52     load            64     86   0        14    
382    53     fadd            64     86   0        14    
383    37     load            64     31   0        69    
384    38     call            64     39   0        61    
385    39     fmul            64     20   0        80    
386    40     fmul            64     16   0        84    
387    41     fadd            64     28   0        72    
388    42     fcmp            1      100  0        0     
389    44     load            64     76   0        24    
390    45     load            64     29   0        71    
391    1      alloca          64     1    79       20    
392    3      load            64     29   0        71    
393    4      fmul            64     32   0        68    
394    5      call            64     28   0        72    
395    6      fmul            64     35   0        65    
396    7      fdiv            64     33   0        67    
397    46     call            64     30   0        70    
398    47     call            32     0    0        100   
399    49     call            64     5    0        95    
400    50     fmul            64     5    0        95    
401    51     fdiv            64     9    0        91    
402    52     load            64     5    0        95    
403    53     fadd            64     7    0        93    
404    37     load            64     8    0        92    
405    38     call            64     5    0        95    
406    39     fmul            64     10   0        90    
407    40     fmul            64     19   0        81    
408    41     fadd            64     12   0        88    
409    42     fcmp            1      100  0        0     
