51   load           0    0    0    0    0    0    0    0    1    0    1.0  0.22 0.78 0.0  
56   srem           0    0    0    0    0    0    0    0    0    0    0.5  0.19 0.0  0.81 
45   load           0    0    0    0    0    0    0    0    1    0    0.5  0.06 0.0  0.94 
57   icmp           0    0    0    1    0    0    0    0    0    0    0.02 0.88 0.0  0.12 
1    alloca         0    0    0    0    0    0    0    1    0    0    1.0  0.02 0.78 0.2  
29   load           0    0    0    0    0    0    0    0    1    0    1.0  0.21 0.79 0.0  
59   load           0    0    0    0    0    0    0    0    1    0    0.5  0.41 0.0  0.59 
11   load           0    0    0    0    0    0    0    0    1    0    0.5  0.24 0.74 0.02 
40   add            0    1    0    0    0    0    0    0    0    0    0.5  0.22 0.68 0.1  
27   icmp           0    0    0    1    0    0    0    0    0    0    0.02 1.0  0.0  0.0  
15   add            0    1    0    0    0    0    0    0    0    0    0.5  0.76 0.01 0.23 
83   trunc          0    0    0    0    0    0    0    0    0    0    0.5  0.26 0.74 0.0  
39   load           0    0    0    0    0    0    0    0    1    0    0.5  0.25 0.75 0.0  
60   icmp           0    0    0    1    0    0    0    0    0    0    0.02 1.0  0.0  0.0  
82   load           0    0    0    0    0    0    0    0    1    0    1.0  0.14 0.36 0.5  
16   load           0    0    0    0    0    0    0    0    1    0    0.5  0.03 0.0  0.97 
47   ashr           0    0    0    0    0    0    0    0    0    0    1.0  0.01 0.0  0.99 
86   getelementptr  0    0    0    0    0    0    0    1    0    0    1.0  0.24 0.76 0.0  
44   load           0    0    0    0    0    0    0    0    1    0    1.0  0.02 0.0  0.98 
13   load           0    0    0    0    0    0    0    0    1    0    0.5  0.69 0.03 0.29 
85   load           0    0    0    0    0    0    0    0    1    0    1.0  1.0  0.0  0.0  
81   load           0    0    0    0    0    0    0    0    1    0    1.0  0.12 0.0  0.88 
62   load           0    0    0    0    0    0    0    0    1    0    1.0  0.22 0.78 0.0  
21   sub            0    1    0    0    0    0    0    0    0    0    0.5  0.19 0.62 0.18 
18   icmp           0    0    0    1    0    0    0    0    0    0    0.02 0.81 0.0  0.19 
26   load           0    0    0    0    0    0    0    0    1    0    0.5  0.15 0.0  0.85 
30   getelementptr  0    0    0    0    0    0    0    1    0    0    1.0  0.22 0.78 0.0  
89   load           0    0    0    0    0    0    0    0    1    0    1.0  0.92 0.02 0.06 
87   call           0    0    0    0    1    0    0    0    0    0    0.5  0.0  0.0  1.0  
78   icmp           0    0    0    1    0    0    0    0    0    0    0.02 1.0  0.0  0.0  
77   load           0    0    0    0    0    0    0    0    1    0    1.0  0.87 0.0  0.13 
55   load           0    0    0    0    0    0    0    0    1    0    0.5  0.02 0.0  0.98 
34   load           0    0    0    0    0    0    0    0    1    0    0.5  0.86 0.03 0.11 
46   zext           0    0    0    0    0    0    0    0    0    0    1.0  0.03 0.0  0.97 
14   ashr           0    0    0    0    0    0    0    0    0    0    0.5  0.76 0.01 0.24 
49   add            0    1    0    0    0    0    0    0    0    0    1.0  0.12 0.0  0.88 
48   and            0    0    1    0    0    0    0    0    0    0    1.0  0.13 0.0  0.87 
73   alloca         0    0    0    0    0    0    0    1    0    0    1.0  0.11 0.73 0.16 
50   trunc          0    0    0    0    0    0    0    0    0    0    0.12 1.0  0.0  0.0  
71   alloca         0    0    0    0    0    0    0    1    0    0    1.0  0.0  0.76 0.24 
17   srem           0    0    0    0    0    0    0    0    0    0    0.5  0.2  0.0  0.8  
12   load           0    0    0    0    0    0    0    0    1    0    0.5  0.78 0.01 0.22 
42   icmp           0    0    0    1    0    0    0    0    0    0    0.02 1.0  0.0  0.0  
35   add            0    1    0    0    0    0    0    0    0    0    0.5  0.86 0.03 0.11 
90   add            0    1    0    0    0    0    0    0    0    0    1.0  0.93 0.01 0.06 
72   alloca         0    0    0    0    0    0    0    1    0    0    1.0  0.05 0.79 0.16 
80   getelementptr  0    0    0    0    0    0    0    1    0    0    1.0  0.23 0.78 0.0  
6    alloca         0    0    0    0    0    0    0    1    0    0    1.0  0.03 0.8  0.17 
52   getelementptr  0    0    0    0    0    0    0    1    0    0    1.0  0.2  0.77 0.03 
25   load           0    0    0    0    0    0    0    0    1    0    0.5  0.77 0.0  0.23 
20   sub            0    1    0    0    0    0    0    0    0    0    0.5  0.76 0.0  0.24 
63   getelementptr  0    0    0    0    0    0    0    1    0    0    1.0  0.23 0.77 0.0  
2    alloca         0    0    0    0    0    0    0    1    0    0    1.0  0.06 0.79 0.15 
68   load           0    0    0    0    0    0    0    0    1    0    1.0  0.02 0.74 0.24 
19   select         0    0    0    0    0    0    0    0    0    0    0.5  0.21 0.77 0.01 
5    alloca         0    0    0    0    0    0    0    1    0    0    1.0  0.01 0.77 0.22 
4    alloca         0    0    0    0    0    0    0    1    0    0    1.0  0.05 0.79 0.16 
3    alloca         0    0    0    0    0    0    0    1    0    0    1.0  0.05 0.81 0.14 
6    alloca         0    0    0    0    0    0    0    1    0    0    1.0  0.05 0.81 0.14 
47   load           0    0    0    0    0    0    0    0    1    0    0.5  0.93 0.03 0.03 
64   load           0    0    0    0    0    0    0    0    1    0    0.5  0.76 0.0  0.24 
35   load           0    0    0    0    0    0    0    0    1    0    1.0  0.26 0.0  0.74 
19   load           0    0    0    0    0    0    0    0    1    0    1.0  0.02 0.0  0.98 
31   shl            0    0    0    0    0    1    0    0    0    0    1.0  0.27 0.0  0.73 
57   alloca         0    0    0    0    0    0    0    1    0    0    1.0  0.05 0.77 0.18 
51   load           0    0    0    0    0    0    0    0    1    0    1.0  0.24 0.76 0.0  
84   getelementptr  0    0    0    0    0    0    0    1    0    0    1.0  0.26 0.74 0.0  
4    alloca         0    0    0    0    0    0    0    1    0    0    1.0  0.08 0.78 0.14 
86   getelementptr  0    0    0    0    0    0    0    1    0    0    1.0  0.08 0.75 0.17 
24   load           0    0    0    0    0    0    0    0    1    0    1.0  0.21 0.0  0.79 
75   call           0    0    0    0    1    0    0    0    0    0    0.5  0.0  0.0  1.0  
40   sub            0    1    0    0    0    0    0    0    0    0    1.0  0.78 0.0  0.22 
85   load           0    0    0    0    0    0    0    0    1    0    0.5  1.0  0.0  0.0  
52   bitcast        0    0    0    0    0    0    1    0    0    0    1.0  0.23 0.77 0.0  
43   add            0    1    0    0    0    0    0    0    0    0    1.0  0.96 0.0  0.04 
72   load           0    0    0    0    0    0    0    0    1    0    0.5  1.0  0.0  0.0  
42   load           0    0    0    0    0    0    0    0    1    0    1.0  0.96 0.0  0.04 
3    alloca         0    0    0    0    0    0    0    1    0    0    1.0  0.05 0.8  0.15 
2    alloca         0    0    0    0    0    0    0    1    0    0    1.0  0.04 0.82 0.14 
36   icmp           0    0    0    1    0    0    0    0    0    0    0.02 1.0  0.0  0.0  
68   sext           0    0    0    0    0    0    1    0    0    0    1.0  0.5  0.0  0.5  
67   load           0    0    0    0    0    0    0    0    1    0    0.5  1.0  0.0  0.0  
27   load           0    0    0    0    0    0    0    0    1    0    1.0  0.91 0.0  0.09 
25   shl            0    0    0    0    0    1    0    0    0    0    1.0  0.22 0.0  0.78 
5    alloca         0    0    0    0    0    0    0    1    0    0    1.0  0.1  0.78 0.12 
53   bitcast        0    0    0    0    0    0    1    0    0    0    1.0  0.24 0.76 0.0  
15   icmp           0    0    0    1    0    0    0    0    0    0    0.02 0.99 0.0  0.01 
28   shl            0    0    0    0    0    1    0    0    0    0    1.0  0.93 0.0  0.07 
1    alloca         0    0    0    0    0    0    0    1    0    0    1.0  0.02 0.77 0.2  
14   load           0    0    0    0    0    0    0    0    1    0    0.5  0.78 0.0  0.22 
48   add            0    1    0    0    0    0    0    0    0    0    0.5  0.93 0.03 0.04 
21   lshr           0    0    0    0    0    1    0    0    0    0    1.0  0.91 0.0  0.09 
71   getelementptr  0    0    0    0    0    0    0    1    0    0    1.0  0.24 0.75 0.0  
88   call           0    0    0    0    1    0    0    0    0    0    0.5  0.0  0.0  1.0  
17   load           0    0    0    0    0    0    0    0    1    0    1.0  0.89 0.0  0.11 
39   load           0    0    0    0    0    0    0    0    1    0    1.0  0.78 0.0  0.22 
78   add            0    1    0    0    0    0    0    0    0    0    0.5  0.96 0.03 0.01 
56   alloca         0    0    0    0    0    0    0    1    0    0    1.0  0.0  0.79 0.21 
18   shl            0    0    0    0    0    1    0    0    0    0    1.0  0.91 0.0  0.09 
30   load           0    0    0    0    0    0    0    0    1    0    1.0  0.27 0.0  0.73 
59   alloca         0    0    0    0    0    0    0    1    0    0    1.0  0.06 0.78 0.16 
81   load           0    0    0    0    0    0    0    0    1    0    1.0  0.58 0.0  0.42 
20   and            0    0    1    0    0    0    0    0    0    0    1.0  0.47 0.0  0.53 
74   load           0    0    0    0    0    0    0    0    1    0    0.5  1.0  0.0  0.0  
87   load           0    0    0    0    0    0    0    0    1    0    0.5  1.0  0.0  0.0  
73   getelementptr  0    0    0    0    0    0    0    1    0    0    1.0  0.1  0.75 0.15 
58   alloca         0    0    0    0    0    0    0    1    0    0    1.0  0.11 0.71 0.18 
34   load           0    0    0    0    0    0    0    0    1    0    1.0  0.66 0.0  0.34 
65   icmp           0    0    0    1    0    0    0    0    0    0    0.02 1.0  0.0  0.0  
83   load           0    0    0    0    0    0    0    0    1    0    1.0  1.0  0.0  0.0  
77   load           0    0    0    0    0    0    0    0    1    0    0.5  0.96 0.03 0.01 
38   load           0    0    0    0    0    0    0    0    1    0    1.0  0.78 0.0  0.22 
32   add            0    1    0    0    0    0    0    0    0    0    1.0  0.28 0.0  0.72 
22   add            0    1    0    0    0    0    0    0    0    0    1.0  0.91 0.0  0.09 
70   load           0    0    0    0    0    0    0    0    1    0    0.5  1.0  0.0  0.0  
34   call           0    0    0    0    1    0    0    0    0    0    0.5  0.0  0.0  1.0  
46   call           0    0    0    0    1    0    0    0    0    0    1.0  0.29 0.0  0.71 
23   fcmp           0    0    0    1    0    0    0    0    0    0    0.02 1.0  0.0  0.0  
18   alloca         0    0    0    0    0    0    0    1    0    0    1.0  0.0  0.79 0.21 
11   call           0    0    0    0    1    0    0    0    0    0    1.0  0.75 0.0  0.25 
51   fdiv           1    0    0    0    0    0    0    0    0    0    1.0  0.79 0.0  0.21 
7    fdiv           1    0    0    0    0    0    0    0    0    0    1.0  0.27 0.0  0.73 
42   fcmp           0    0    0    1    0    0    0    0    0    0    0.02 1.0  0.0  0.0  
47   call           0    0    0    0    1    0    0    0    0    0    0.5  0.0  0.0  1.0  
14   fmul           1    0    0    0    0    0    0    0    0    0    1.0  0.78 0.0  0.22 
52   load           0    0    0    0    0    0    0    0    1    0    1.0  0.73 0.0  0.27 
45   load           0    0    0    0    0    0    0    0    1    0    1.0  0.27 0.0  0.73 
15   fdiv           1    0    0    0    0    0    0    0    0    0    1.0  0.74 0.0  0.26 
53   fadd           1    0    0    0    0    0    0    0    0    0    1.0  0.82 0.0  0.18 
27   call           0    0    0    0    1    0    0    0    0    0    1.0  0.76 0.0  0.24 
25   load           0    0    0    0    0    0    0    0    1    0    1.0  0.25 0.0  0.75 
17   alloca         0    0    0    0    0    0    0    1    0    0    1.0  0.0  0.71 0.29 
37   load           0    0    0    0    0    0    0    0    1    0    1.0  0.11 0.0  0.89 
30   load           0    0    0    0    0    0    0    0    1    0    1.0  0.78 0.0  0.22 
40   fmul           1    0    0    0    0    0    0    0    0    0    1.0  0.06 0.0  0.94 
39   fmul           1    0    0    0    0    0    0    0    0    0    1.0  0.04 0.0  0.96 
44   load           0    0    0    0    0    0    0    0    1    0    1.0  0.78 0.0  0.22 
50   fmul           1    0    0    0    0    0    0    0    0    0    1.0  0.78 0.0  0.22 
38   call           0    0    0    0    1    0    0    0    0    0    1.0  0.16 0.0  0.84 
28   call           0    0    0    0    1    0    0    0    0    0    0.5  0.0  0.0  1.0  
5    call           0    0    0    0    1    0    0    0    0    0    1.0  0.26 0.0  0.74 
41   fadd           1    0    0    0    0    0    0    0    0    0    1.0  0.07 0.0  0.93 
26   load           0    0    0    0    0    0    0    0    1    0    1.0  0.75 0.0  0.25 
49   call           0    0    0    0    1    0    0    0    0    0    1.0  0.78 0.0  0.22 
12   fmul           1    0    0    0    0    0    0    0    0    0    1.0  0.74 0.0  0.26 
13   load           0    0    0    0    0    0    0    0    1    0    1.0  0.77 0.0  0.23 
3    load           0    0    0    0    0    0    0    0    1    0    1.0  0.26 0.0  0.74 
9    alloca         0    0    0    0    0    0    0    1    0    0    1.0  0.03 0.82 0.15 
6    fmul           1    0    0    0    0    0    0    0    0    0    1.0  0.27 0.0  0.73 
1    alloca         0    0    0    0    0    0    0    1    0    0    1.0  0.02 0.81 0.18 
22   load           0    0    0    0    0    0    0    0    1    0    1.0  0.19 0.0  0.81 
31   fadd           1    0    0    0    0    0    0    0    0    0    1.0  0.88 0.0  0.12 
4    fmul           1    0    0    0    0    0    0    0    0    0    1.0  0.28 0.0  0.72 
2    alloca         0    0    0    0    0    0    0    1    0    0    1.0  0.03 0.73 0.24 
27   alloca         0    0    0    0    0    0    0    1    0    0    1.0  0.0  0.7  0.3  
83   getelementptr  0    0    0    0    0    0    0    1    0    0    1.0  0.31 0.69 0.0  
38   icmp           0    0    0    1    0    0    0    0    0    0    0.02 0.0  1.0  0.0  
45   getelementptr  0    0    0    0    0    0    0    1    0    0    1.0  0.0  1.0  0.0  
89   add            0    1    0    0    0    0    0    0    0    0    0.5  0.79 0.03 0.18 
11   bitcast        0    0    0    0    0    0    1    0    0    0    1.0  0.15 0.7  0.15 
73   sext           0    0    0    0    0    0    1    0    0    0    1.0  0.03 0.7  0.27 
20   load           0    0    0    0    0    0    0    0    1    0    0.5  0.0  0.0  1.0  
44   load           0    0    0    0    0    0    0    0    1    0    1.0  0.02 0.98 0.0  
69   call           0    0    0    0    1    0    0    0    0    0    0.5  0.0  0.0  1.0  
24   phi            0    0    0    0    0    0    0    0    0    1    0.5  0.05 0.0  0.95 
59   icmp           0    0    0    1    0    0    0    0    0    0    0.02 1.0  0.0  0.0  
61   phi            0    0    0    0    0    0    0    0    0    1    0.02 1.0  0.0  0.0  
26   alloca         0    0    0    0    0    0    0    1    0    0    1.0  0.0  0.72 0.28 
85   getelementptr  0    0    0    0    0    0    0    1    0    0    1.0  0.32 0.68 0.0  
63   load           0    0    0    0    0    0    0    0    1    0    0.5  0.5  0.5  0.0  
6    load           0    0    0    0    0    0    0    0    1    0    1.0  0.15 0.68 0.17 
32   alloca         0    0    0    0    0    0    0    1    0    0    1.0  0.08 0.75 0.17 
78   load           0    0    0    0    0    0    0    0    1    0    0.5  0.2  0.0  0.8  
88   load           0    0    0    0    0    0    0    0    1    0    0.5  0.78 0.03 0.19 
8    getelementptr  0    0    0    0    0    0    0    1    0    0    1.0  0.15 0.69 0.16 
71   bitcast        0    0    0    0    0    0    1    0    0    0    1.0  0.3  0.7  0.0  
13   getelementptr  0    0    0    0    0    0    0    1    0    0    1.0  0.15 0.67 0.18 
50   load           0    0    0    0    0    0    0    0    1    0    1.0  0.05 0.94 0.01 
81   load           0    0    0    0    0    0    0    0    1    0    0.5  0.5  0.5  0.0  
52   sext           0    0    0    0    0    0    1    0    0    0    1.0  0.21 0.53 0.26 
54   getelementptr  0    0    0    0    0    0    0    1    0    0    1.0  0.26 0.57 0.17 
53   getelementptr  0    0    0    0    0    0    0    1    0    0    1.0  0.26 0.57 0.17 
58   load           0    0    0    0    0    0    0    0    1    0    0.5  0.47 0.0  0.53 
1    alloca         0    0    0    0    0    0    0    1    0    0    1.0  0.0  0.77 0.23 
22   select         0    0    0    0    0    0    0    0    0    0    0.5  0.03 0.0  0.97 
77   load           0    0    0    0    0    0    0    0    1    0    0.5  0.77 0.0  0.23 
51   load           0    0    0    0    0    0    0    0    1    0    0.5  0.42 0.42 0.17 
86   call           0    0    0    0    1    0    0    0    0    0    0.5  0.0  0.0  1.0  
28   alloca         0    0    0    0    0    0    0    1    0    0    1.0  0.0  0.77 0.23 
79   icmp           0    0    0    1    0    0    0    0    0    0    0.02 1.0  0.0  0.0  
37   load           0    0    0    0    0    0    0    0    1    0    0.5  0.0  0.06 0.94 
16   load           0    0    0    0    0    0    0    0    1    0    0.5  0.03 0.0  0.97 
21   icmp           0    0    0    1    0    0    0    0    0    0    0.02 0.0  0.0  1.0  
14   call           0    0    0    0    1    0    0    0    0    0    0.5  0.03 0.0  0.97 
68   load           0    0    0    0    0    0    0    0    1    0    0.5  1.0  0.0  0.0  
56   icmp           0    0    0    1    0    0    0    0    0    0    0.02 1.0  0.0  0.0  
55   call           0    0    0    0    1    0    0    0    0    0    0.5  0.83 0.0  0.17 
46   load           0    0    0    0    0    0    0    0    1    0    1.0  0.0  1.0  0.0  
72   load           0    0    0    0    0    0    0    0    1    0    0.5  0.06 0.5  0.44 
64   add            0    1    0    0    0    0    0    0    0    0    0.5  0.5  0.5  0.0  
70   getelementptr  0    0    0    0    0    0    0    1    0    0    1.0  0.31 0.69 0.0  
82   sext           0    0    0    0    0    0    1    0    0    0    1.0  0.25 0.64 0.11 
10   load           0    0    0    0    0    0    0    0    1    0    1.0  0.14 0.68 0.18 
17   icmp           0    0    0    1    0    0    0    0    0    0    0.02 1.0  0.0  0.0  
12   getelementptr  0    0    0    0    0    0    0    1    0    0    1.0  0.16 0.68 0.16 
3    alloca         0    0    0    0    0    0    0    1    0    0    1.0  0.0  0.72 0.28 
30   alloca         0    0    0    0    0    0    0    1    0    0    1.0  0.0  0.75 0.25 
29   alloca         0    0    0    0    0    0    0    1    0    0    1.0  0.03 0.73 0.23 
84   getelementptr  0    0    0    0    0    0    0    1    0    0    1.0  0.31 0.69 0.0  
7    bitcast        0    0    0    0    0    0    1    0    0    0    1.0  0.15 0.69 0.16 
9    getelementptr  0    0    0    0    0    0    0    1    0    0    1.0  0.15 0.69 0.16 
31   alloca         0    0    0    0    0    0    0    1    0    0    1.0  0.03 0.69 0.28 
47   call           0    0    0    0    1    0    0    0    0    0    1.0  0.05 0.95 0.0  