indextype           float   int     logical cmp     call    shift   trans   memory  load    phi     width   cycle   SDC     Symptom Masked  
66   getelementptr  0       0       0       0       0       0       0       1       0       0       1.0     0.0     0.01    1       0.73    0.26    
89   load           0       0       0       0       0       0       0       0       1       0       1.0     0.001   0.17    1       0.73    0.1     
315  icmp           0       0       0       1       0       0       0       0       0       0       0.02    0.001   0.89    1       0.11    0.0     
266  load           0       0       0       0       0       0       0       0       1       0       1.0     0.001   0.23    1       0.74    0.03    
192  getelementptr  0       0       0       0       0       0       0       1       0       0       1.0     0.001   0.16    1       0.74    0.1     
83   load           0       0       0       0       0       0       0       0       1       0       0.5     0.001   0.11    1       0.0     0.89    
2    alloca         0       0       0       0       0       0       0       1       0       0       1.0     0.0     0.0     0       0.77    0.23    
34   load           0       0       0       0       0       0       0       0       1       0       0.5     0.001   0.06    1       0.0     0.94    
91   getelementptr  0       0       0       0       0       0       0       1       0       0       1.0     0.001   0.17    1       0.73    0.09    
261  bitcast        0       0       0       0       0       0       1       0       0       0       1.0     0.001   0.24    1       0.74    0.02    
340  load           0       0       0       0       0       0       0       0       1       0       0.5     0.001   0.54    1       0.0     0.46    
258  sext           0       0       0       0       0       0       1       0       0       0       1.0     0.001   0.19    1       0.73    0.08    
508  bitcast        0       0       0       0       0       0       1       0       0       0       1.0     0.007   0.19    1       0.78    0.03    
531  getelementptr  0       0       0       0       0       0       0       1       0       0       1.0     0.007   0.15    1       0.75    0.1     
101  load           0       0       0       0       0       0       0       0       1       0       0.5     0.001   0.92    1       0.03    0.05    
418  load           0       0       0       0       0       0       0       0       1       0       1.0     0.005   0.54    1       0.0     0.46    
134  load           0       0       0       0       0       0       0       0       1       0       1.0     0.0     0.19    1       0.81    0.0     
519  load           0       0       0       0       0       0       0       0       1       0       1.0     0.007   0.41    1       0.0     0.59    
65   load           0       0       0       0       0       0       0       0       1       0       1.0     0.0     0.01    1       0.73    0.25    
56   load           0       0       0       0       0       0       0       0       1       0       0.5     0.0     0.06    1       0.03    0.91    
443  load           0       0       0       0       0       0       0       0       1       0       1.0     0.005   0.15    1       0.73    0.12    
250  bitcast        0       0       0       0       0       0       1       0       0       0       1.0     0.001   0.15    1       0.79    0.06    
276  load           0       0       0       0       0       0       0       0       1       0       0.5     0.004   0.12    1       0.25    0.64    
333  fmul           1       0       0       0       0       0       0       0       0       0       1.0     0.001   0.73    1       0.0     0.27    
165  alloca         0       0       0       0       0       0       0       1       0       0       1.0     0.0     0.02    1       0.84    0.14    
293  load           0       0       0       0       0       0       0       0       1       0       0.5     0.002   0.56    1       0.09    0.35    
400  getelementptr  0       0       0       0       0       0       0       1       0       0       1.0     0.005   0.26    1       0.73    0.01    
447  getelementptr  0       0       0       0       0       0       0       1       0       0       1.0     0.005   0.17    1       0.75    0.08    
208  add            0       1       0       0       0       0       0       0       0       0       0.5     0.001   0.56    1       0.03    0.4     
12   load           0       0       0       0       0       0       0       0       1       0       0.5     0.0     1.0     1       0.0     0.0     
514  load           0       0       0       0       0       0       0       0       1       0       1.0     0.007   0.61    1       0.0     0.39    
98   load           0       0       0       0       0       0       0       0       1       0       1.0     0.001   0.03    1       0.0     0.97    
140  load           0       0       0       0       0       0       0       0       1       0       0.5     0.001   0.8     1       0.0     0.2     
521  load           0       0       0       0       0       0       0       0       1       0       1.0     0.007   0.41    1       0.0     0.59    
224  alloca         0       0       0       0       0       0       0       1       0       0       1.0     0.0     0.12    1       0.77    0.12    
390  getelementptr  0       0       0       0       0       0       0       1       0       0       1.0     0.005   0.18    1       0.77    0.06    
537  getelementptr  0       0       0       0       0       0       0       1       0       0       1.0     0.007   0.17    1       0.78    0.05    
168  load           0       0       0       0       0       0       0       0       1       0       1.0     0.0     0.22    1       0.78    0.0     
422  load           0       0       0       0       0       0       0       0       1       0       1.0     0.005   0.19    1       0.74    0.07    
257  load           0       0       0       0       0       0       0       0       1       0       0.5     0.001   0.38    1       0.59    0.03    
449  fadd           1       0       0       0       0       0       0       0       0       0       1.0     0.005   0.57    1       0.0     0.43    
189  sext           0       0       0       0       0       0       1       0       0       0       1.0     0.001   0.13    1       0.73    0.14    
376  getelementptr  0       0       0       0       0       0       0       1       0       0       1.0     0.005   0.21    1       0.76    0.03    
27   mul            0       1       0       0       0       0       0       0       0       0       1.0     0.0     0.0     0       0.48    0.52    
19   call           0       0       0       0       1       0       0       0       0       0       1.0     0.0     0.05    1       0.22    0.73    
411  load           0       0       0       0       0       0       0       0       1       0       0.5     0.005   0.2     1       0.59    0.21    
154  getelementptr  0       0       0       0       0       0       0       1       0       0       1.0     0.001   0.15    1       0.73    0.11    
33   load           0       0       0       0       0       0       0       0       1       0       0.5     0.001   0.8     1       0.0     0.2     
388  extractvalue   0       0       0       0       0       0       0       0       0       0       1.0     0.005   0.72    1       0.0     0.28    
187  sitofp         0       0       0       0       0       0       1       0       0       0       1.0     0.001   0.19    1       0.0     0.81    
532  load           0       0       0       0       0       0       0       0       1       0       1.0     0.007   0.58    1       0.0     0.42    
415  getelementptr  0       0       0       0       0       0       0       1       0       0       1.0     0.005   0.14    1       0.73    0.12    
285  sdiv           0       0       0       0       0       0       0       0       0       0       0.5     0.002   0.02    1       0.96    0.02    
401  load           0       0       0       0       0       0       0       0       1       0       1.0     0.005   0.85    1       0.0     0.15    
465  bitcast        0       0       0       0       0       0       1       0       0       0       1.0     0.002   0.07    1       0.8     0.13    
385  call           0       0       0       0       1       0       0       0       0       0       2.0     0.005   0.69    1       0.0     0.31    
5    alloca         0       0       0       0       0       0       0       1       0       0       1.0     0.0     0.02    1       0.86    0.12    
130  load           0       0       0       0       0       0       0       0       1       0       0.5     0.0     0.83    1       0.03    0.14    
413  load           0       0       0       0       0       0       0       0       1       0       1.0     0.005   0.15    1       0.73    0.12    
368  getelementptr  0       0       0       0       0       0       0       1       0       0       1.0     0.005   0.25    1       0.73    0.01    
141  load           0       0       0       0       0       0       0       0       1       0       0.5     0.001   0.11    1       0.0     0.89    
155  getelementptr  0       0       0       0       0       0       0       1       0       0       1.0     0.001   0.15    1       0.73    0.11    
430  getelementptr  0       0       0       0       0       0       0       1       0       0       1.0     0.005   0.26    1       0.73    0.01    
190  load           0       0       0       0       0       0       0       0       1       0       1.0     0.001   0.16    1       0.74    0.1     
92   load           0       0       0       0       0       0       0       0       1       0       1.0     0.001   0.2     1       0.0     0.8     
14   load           0       0       0       0       0       0       0       0       1       0       0.5     0.0     0.38    1       0.56    0.06    
28   call           0       0       0       0       1       0       0       0       0       0       1.0     0.0     0.0     0       0.81    0.19    
93   load           0       0       0       0       0       0       0       0       1       0       0.5     0.001   0.01    1       0.59    0.4     
539  bitcast        0       0       0       0       0       0       1       0       0       0       1.0     0.007   0.21    1       0.76    0.03    
322  sdiv           0       0       0       0       0       0       0       0       0       0       0.5     0.001   0.32    1       0.68    0.0     
199  sext           0       0       0       0       0       0       1       0       0       0       1.0     0.001   0.0     0       0.74    0.26    
486  bitcast        0       0       0       0       0       0       1       0       0       0       1.0     0.002   0.16    1       0.79    0.05    
7    alloca         0       0       0       0       0       0       0       1       0       0       1.0     0.0     0.0     0       0.84    0.16    
357  load           0       0       0       0       0       0       0       0       1       0       0.5     0.007   0.04    1       0.08    0.87    
249  getelementptr  0       0       0       0       0       0       0       1       0       0       1.0     0.001   0.21    1       0.73    0.06    
313  load           0       0       0       0       0       0       0       0       1       0       0.5     0.001   0.81    1       0.01    0.18    
439  getelementptr  0       0       0       0       0       0       0       1       0       0       1.0     0.005   0.23    1       0.74    0.03    
121  load           0       0       0       0       0       0       0       0       1       0       1.0     0.0     0.34    1       0.0     0.66    
247  sext           0       0       0       0       0       0       1       0       0       0       1.0     0.001   0.15    1       0.73    0.12    
151  load           0       0       0       0       0       0       0       0       1       0       0.5     0.001   0.21    1       0.59    0.19    
520  getelementptr  0       0       0       0       0       0       0       1       0       0       1.0     0.007   0.12    1       0.75    0.13    
215  alloca         0       0       0       0       0       0       0       1       0       0       1.0     0.0     0.05    1       0.84    0.11    
408  getelementptr  0       0       0       0       0       0       0       1       0       0       1.0     0.005   0.25    1       0.74    0.01    
272  load           0       0       0       0       0       0       0       0       1       0       0.5     0.002   0.01    1       0.89    0.1     
82   load           0       0       0       0       0       0       0       0       1       0       0.5     0.001   0.8     1       0.0     0.2     
397  sext           0       0       0       0       0       0       1       0       0       0       1.0     0.005   0.2     1       0.73    0.07    
268  bitcast        0       0       0       0       0       0       1       0       0       0       1.0     0.001   0.23    1       0.74    0.03    
540  load           0       0       0       0       0       0       0       0       1       0       2.0     0.007   0.68    1       0.0     0.32    
398  load           0       0       0       0       0       0       0       0       1       0       1.0     0.005   0.26    1       0.73    0.01    
484  extractvalue   0       0       0       0       0       0       0       0       0       0       1.0     0.002   0.75    1       0.0     0.25    
169  load           0       0       0       0       0       0       0       0       1       0       0.5     0.0     0.0     0       1.0     0.0     
255  load           0       0       0       0       0       0       0       0       1       0       1.0     0.001   0.24    1       0.74    0.02    
42   getelementptr  0       0       0       0       0       0       0       1       0       0       1.0     0.001   0.24    1       0.74    0.03    
518  getelementptr  0       0       0       0       0       0       0       1       0       0       1.0     0.007   0.12    1       0.76    0.13    
61   icmp           0       0       0       1       0       0       0       0       0       0       0.02    0.001   0.0     0       0.14    0.86    
25   load           0       0       0       0       0       0       0       0       1       0       0.5     0.0     0.0     0       0.09    0.91    
200  load           0       0       0       0       0       0       0       0       1       0       1.0     0.001   0.04    1       0.74    0.22    
384  load           0       0       0       0       0       0       0       0       1       0       1.0     0.005   0.58    1       0.0     0.42    
71   load           0       0       0       0       0       0       0       0       1       0       1.0     0.0     0.0     0       0.74    0.26    
193  load           0       0       0       0       0       0       0       0       1       0       1.0     0.001   0.2     1       0.0     0.8     
227  alloca         0       0       0       0       0       0       0       1       0       0       1.0     0.0     0.07    1       0.79    0.14    
297  load           0       0       0       0       0       0       0       0       1       0       0.5     0.0     0.0     0       0.88    0.12    
471  getelementptr  0       0       0       0       0       0       0       1       0       0       1.0     0.002   0.13    1       0.76    0.12    
115  load           0       0       0       0       0       0       0       0       1       0       0.5     0.0     1.0     1       0.0     0.0     
375  bitcast        0       0       0       0       0       0       1       0       0       0       1.0     0.005   0.23    1       0.76    0.02    
207  load           0       0       0       0       0       0       0       0       1       0       0.5     0.001   0.56    1       0.03    0.4     
212  alloca         0       0       0       0       0       0       0       1       0       0       1.0     0.0     0.0     0       0.8     0.2     
15   sitofp         0       0       0       0       0       0       1       0       0       0       1.0     0.0     0.05    1       0.16    0.8     
294  add            0       1       0       0       0       0       0       0       0       0       0.5     0.002   0.55    1       0.1     0.35    
436  sext           0       0       0       0       0       0       1       0       0       0       1.0     0.005   0.17    1       0.73    0.1     
122  load           0       0       0       0       0       0       0       0       1       0       0.5     0.0     0.41    1       0.59    0.0     
21   fptosi         0       0       0       0       0       0       0       0       0       0       0.5     0.0     0.0     0       1.0     0.0     
516  load           0       0       0       0       0       0       0       0       1       0       1.0     0.007   0.61    1       0.0     0.39    
204  fdiv           1       0       0       0       0       0       0       0       0       0       1.0     0.001   0.03    1       0.0     0.97    
431  load           0       0       0       0       0       0       0       0       1       0       1.0     0.005   0.76    1       0.0     0.24    
64   sext           0       0       0       0       0       0       1       0       0       0       1.0     0.0     0.03    1       0.73    0.24    
523  fsub           1       0       0       0       0       0       0       0       0       0       1.0     0.007   0.68    1       0.0     0.32    
17   call           0       0       0       0       1       0       0       0       0       0       1.0     0.0     0.03    1       0.19    0.78    
26   sext           0       0       0       0       0       0       1       0       0       0       1.0     0.0     0.0     0       0.48    0.52    
284  load           0       0       0       0       0       0       0       0       1       0       0.5     0.002   0.01    1       0.95    0.04    
69   load           0       0       0       0       0       0       0       0       1       0       0.5     0.0     0.0     0       0.59    0.41    
112  load           0       0       0       0       0       0       0       0       1       0       0.5     0.0     0.21    1       0.0     0.79    
404  fsub           1       0       0       0       0       0       0       0       0       0       1.0     0.005   0.78    1       0.0     0.22    
491  add            0       1       0       0       0       0       0       0       0       0       0.5     0.002   0.73    1       0.03    0.23    
469  getelementptr  0       0       0       0       0       0       0       1       0       0       1.0     0.002   0.17    1       0.76    0.07    
4    alloca         0       0       0       0       0       0       0       1       0       0       1.0     0.0     0.02    1       0.8     0.19    
96   getelementptr  0       0       0       0       0       0       0       1       0       0       1.0     0.001   0.04    1       0.73    0.22    
63   load           0       0       0       0       0       0       0       0       1       0       0.5     0.0     0.05    1       0.59    0.35    
183  load           0       0       0       0       0       0       0       0       1       0       0.5     0.001   0.04    1       0.06    0.91    
124  load           0       0       0       0       0       0       0       0       1       0       1.0     0.0     0.27    1       0.73    0.0     
403  load           0       0       0       0       0       0       0       0       1       0       1.0     0.005   0.69    1       0.0     0.31    
278  icmp           0       0       0       1       0       0       0       0       0       0       0.02    0.004   0.33    1       0.42    0.25    
435  load           0       0       0       0       0       0       0       0       1       0       0.5     0.005   0.34    1       0.59    0.07    
459  add            0       1       0       0       0       0       0       0       0       0       0.5     0.005   0.53    1       0.04    0.42    
517  fmul           1       0       0       0       0       0       0       0       0       0       1.0     0.007   0.61    1       0.0     0.39    
448  load           0       0       0       0       0       0       0       0       1       0       1.0     0.005   0.61    1       0.0     0.39    
135  load           0       0       0       0       0       0       0       0       1       0       0.5     0.0     0.0     0       1.0     0.0     
280  load           0       0       0       0       0       0       0       0       1       0       0.5     0.002   0.52    1       0.06    0.42    
402  getelementptr  0       0       0       0       0       0       0       1       0       0       1.0     0.005   0.19    1       0.76    0.05    
506  getelementptr  0       0       0       0       0       0       0       1       0       0       1.0     0.007   0.15    1       0.78    0.07    
282  sub            0       1       0       0       0       0       0       0       0       0       0.5     0.002   0.03    1       0.94    0.03    
454  getelementptr  0       0       0       0       0       0       0       1       0       0       1.0     0.005   0.17    1       0.74    0.08    
426  load           0       0       0       0       0       0       0       0       1       0       0.5     0.005   0.39    1       0.59    0.02    
361  load           0       0       0       0       0       0       0       0       1       0       0.5     0.005   0.4     1       0.6     0.0     
146  sext           0       0       0       0       0       0       1       0       0       0       1.0     0.001   0.15    1       0.73    0.11    
126  getelementptr  0       0       0       0       0       0       0       1       0       0       1.0     0.0     0.27    1       0.73    0.0     
178  load           0       0       0       0       0       0       0       0       1       0       0.5     0.0     0.0     0       1.0     0.0     
88   sext           0       0       0       0       0       0       1       0       0       0       1.0     0.001   0.13    1       0.73    0.14    
335  getelementptr  0       0       0       0       0       0       0       1       0       0       1.0     0.001   0.16    1       0.79    0.05    
470  load           0       0       0       0       0       0       0       0       1       0       1.0     0.002   0.64    1       0.0     0.36    
53   add            0       1       0       0       0       0       0       0       0       0       0.5     0.001   0.82    1       0.03    0.14    
381  getelementptr  0       0       0       0       0       0       0       1       0       0       1.0     0.005   0.19    1       0.76    0.06    
424  getelementptr  0       0       0       0       0       0       0       1       0       0       1.0     0.005   0.19    1       0.74    0.06    
475  load           0       0       0       0       0       0       0       0       1       0       1.0     0.002   0.69    1       0.0     0.31    
441  load           0       0       0       0       0       0       0       0       1       0       0.5     0.005   0.2     1       0.59    0.2     
477  load           0       0       0       0       0       0       0       0       1       0       1.0     0.002   0.75    1       0.0     0.25    
451  sext           0       0       0       0       0       0       1       0       0       0       1.0     0.005   0.13    1       0.74    0.14    
216  alloca         0       0       0       0       0       0       0       1       0       0       1.0     0.0     0.04    1       0.84    0.12    
373  bitcast        0       0       0       0       0       0       1       0       0       0       1.0     0.005   0.22    1       0.76    0.03    
182  load           0       0       0       0       0       0       0       0       1       0       0.5     0.001   0.5     1       0.0     0.5     
142  icmp           0       0       0       1       0       0       0       0       0       0       0.02    0.001   1.0     1       0.0     0.0     
43   getelementptr  0       0       0       0       0       0       0       1       0       0       1.0     0.001   0.24    1       0.74    0.03    
24   call           0       0       0       0       1       0       0       0       0       0       0.5     0.0     0.0     0       0.0     1.0     
72   getelementptr  0       0       0       0       0       0       0       1       0       0       1.0     0.0     0.0     0       0.74    0.26    
337  load           0       0       0       0       0       0       0       0       1       0       0.5     0.001   0.75    1       0.0     0.25    
105  load           0       0       0       0       0       0       0       0       1       0       1.0     0.0     0.19    1       0.81    0.0     
420  load           0       0       0       0       0       0       0       0       1       0       0.5     0.005   0.29    1       0.59    0.11    
502  alloca         0       0       0       0       0       0       0       1       0       0       1.0     0.007   0.07    1       0.78    0.15    
473  bitcast        0       0       0       0       0       0       1       0       0       0       1.0     0.002   0.18    1       0.75    0.06    
412  sext           0       0       0       0       0       0       1       0       0       0       1.0     0.005   0.1     1       0.73    0.17    
217  alloca         0       0       0       0       0       0       0       1       0       0       1.0     0.0     0.05    1       0.77    0.18    
503  bitcast        0       0       0       0       0       0       1       0       0       0       1.0     0.007   0.18    1       0.8     0.02    
434  fadd           1       0       0       0       0       0       0       0       0       0       1.0     0.005   0.77    1       0.0     0.23    
196  load           0       0       0       0       0       0       0       0       1       0       0.5     0.001   0.06    1       0.0     0.94    
46   sext           0       0       0       0       0       0       1       0       0       0       1.0     0.001   0.0     0       0.74    0.26    
463  bitcast        0       0       0       0       0       0       1       0       0       0       1.0     0.002   0.18    1       0.76    0.07    
76   load           0       0       0       0       0       0       0       0       1       0       0.5     0.0     0.04    1       0.03    0.93    
302  sdiv           0       0       0       0       0       0       0       0       0       0       0.5     0.001   0.0     0       0.95    0.05    
399  getelementptr  0       0       0       0       0       0       0       1       0       0       1.0     0.005   0.26    1       0.73    0.01    
490  load           0       0       0       0       0       0       0       0       1       0       0.5     0.002   0.74    1       0.03    0.23    
343  call           0       0       0       0       1       0       0       0       0       0       1.0     0.001   0.75    1       0.0     0.25    
186  load           0       0       0       0       0       0       0       0       1       0       0.5     0.001   0.59    1       0.0     0.41    
90   getelementptr  0       0       0       0       0       0       0       1       0       0       1.0     0.001   0.17    1       0.73    0.09    
127  load           0       0       0       0       0       0       0       0       1       0       1.0     0.0     0.33    1       0.0     0.67    
382  load           0       0       0       0       0       0       0       0       1       0       1.0     0.005   0.68    1       0.0     0.32    
243  load           0       0       0       0       0       0       0       0       1       0       0.5     0.002   0.34    1       0.0     0.66    
95   load           0       0       0       0       0       0       0       0       1       0       1.0     0.001   0.03    1       0.73    0.23    
495  load           0       0       0       0       0       0       0       0       1       0       0.5     0.001   0.83    1       0.03    0.13    
230  alloca         0       0       0       0       0       0       0       1       0       0       1.0     0.0     0.06    1       0.8     0.14    
428  load           0       0       0       0       0       0       0       0       1       0       1.0     0.005   0.26    1       0.73    0.01    
524  getelementptr  0       0       0       0       0       0       0       1       0       0       1.0     0.007   0.18    1       0.77    0.04    
188  load           0       0       0       0       0       0       0       0       1       0       0.5     0.001   0.26    1       0.59    0.15    
379  load           0       0       0       0       0       0       0       0       1       0       1.0     0.005   0.71    1       0.0     0.29    
417  getelementptr  0       0       0       0       0       0       0       1       0       0       1.0     0.005   0.14    1       0.76    0.1     
119  getelementptr  0       0       0       0       0       0       0       1       0       0       1.0     0.0     0.26    1       0.73    0.0     
319  shl            0       0       0       0       0       1       0       0       0       0       0.5     0.001   0.34    1       0.65    0.01    
145  load           0       0       0       0       0       0       0       0       1       0       0.5     0.001   0.31    1       0.59    0.1     
380  bitcast        0       0       0       0       0       0       1       0       0       0       1.0     0.005   0.21    1       0.76    0.04    
438  getelementptr  0       0       0       0       0       0       0       1       0       0       1.0     0.005   0.23    1       0.74    0.03    
358  sub            0       1       0       0       0       0       0       0       0       0       0.5     0.007   0.03    1       0.07    0.89    
534  load           0       0       0       0       0       0       0       0       1       0       1.0     0.007   0.49    1       0.0     0.51    
344  getelementptr  0       0       0       0       0       0       0       1       0       0       1.0     0.001   0.19    1       0.77    0.04    
94   sext           0       0       0       0       0       0       1       0       0       0       1.0     0.001   0.0     0       0.73    0.26    
137  call           0       0       0       0       1       0       0       0       0       0       0.5     0.0     0.0     0       0.0     1.0     
329  sitofp         0       0       0       0       0       0       1       0       0       0       1.0     0.001   0.74    1       0.0     0.26    
160  add            0       1       0       0       0       0       0       0       0       0       0.5     0.001   0.91    1       0.03    0.06    
20   call           0       0       0       0       1       0       0       0       0       0       1.0     0.0     0.03    1       0.22    0.75    
445  getelementptr  0       0       0       0       0       0       0       1       0       0       1.0     0.005   0.15    1       0.73    0.11    
466  bitcast        0       0       0       0       0       0       1       0       0       0       1.0     0.002   0.18    1       0.75    0.06    
229  alloca         0       0       0       0       0       0       0       1       0       0       1.0     0.0     0.05    1       0.79    0.16    
386  bitcast        0       0       0       0       0       0       1       0       0       0       1.0     0.005   0.2     1       0.78    0.02    
237  load           0       0       0       0       0       0       0       0       1       0       0.5     0.003   0.53    1       0.01    0.46    
332  sitofp         0       0       0       0       0       0       1       0       0       0       1.0     0.001   0.73    1       0.0     0.27    
365  load           0       0       0       0       0       0       0       0       1       0       0.5     0.005   0.37    1       0.59    0.03    
73   getelementptr  0       0       0       0       0       0       0       1       0       0       1.0     0.0     0.0     0       0.74    0.26    
383  getelementptr  0       0       0       0       0       0       0       1       0       0       1.0     0.005   0.15    1       0.75    0.1     
515  getelementptr  0       0       0       0       0       0       0       1       0       0       1.0     0.007   0.18    1       0.76    0.06    
218  alloca         0       0       0       0       0       0       0       1       0       0       1.0     0.0     0.01    1       0.81    0.18    
405  load           0       0       0       0       0       0       0       0       1       0       0.5     0.005   0.39    1       0.59    0.01    
228  alloca         0       0       0       0       0       0       0       1       0       0       1.0     0.0     0.02    1       0.77    0.21    
13   call           0       0       0       0       1       0       0       0       0       0       0.5     0.0     0.0     0       0.0     1.0     
289  load           0       0       0       0       0       0       0       0       1       0       0.5     0.002   0.05    1       0.86    0.09    
317  load           0       0       0       0       0       0       0       0       1       0       0.5     0.001   0.11    1       0.05    0.84    
148  getelementptr  0       0       0       0       0       0       0       1       0       0       1.0     0.001   0.2     1       0.73    0.06    
6    alloca         0       0       0       0       0       0       0       1       0       0       1.0     0.0     0.03    1       0.8     0.17    
219  alloca         0       0       0       0       0       0       0       1       0       0       1.0     0.0     0.08    1       0.81    0.11    
301  load           0       0       0       0       0       0       0       0       1       0       0.5     0.001   0.0     0       0.92    0.08    
480  getelementptr  0       0       0       0       0       0       0       1       0       0       1.0     0.002   0.18    1       0.76    0.06    
314  load           0       0       0       0       0       0       0       0       1       0       0.5     0.001   0.06    1       0.1     0.84    
363  add            0       1       0       0       0       0       0       0       0       0       0.5     0.005   0.41    1       0.59    0.0     
338  sitofp         0       0       0       0       0       0       1       0       0       0       1.0     0.001   0.65    1       0.0     0.35    
349  load           0       0       0       0       0       0       0       0       1       0       0.5     0.003   0.13    1       0.1     0.77    
536  fadd           1       0       0       0       0       0       0       0       0       0       1.0     0.007   0.69    1       0.0     0.31    
111  load           0       0       0       0       0       0       0       0       1       0       0.5     0.0     0.71    1       0.0     0.29    
52   load           0       0       0       0       0       0       0       0       1       0       0.5     0.001   0.83    1       0.03    0.14    
39   load           0       0       0       0       0       0       0       0       1       0       0.5     0.001   0.37    1       0.59    0.04    
281  load           0       0       0       0       0       0       0       0       1       0       0.5     0.002   0.05    1       0.91    0.03    
433  load           0       0       0       0       0       0       0       0       1       0       1.0     0.005   0.63    1       0.0     0.37    
370  bitcast        0       0       0       0       0       0       1       0       0       0       1.0     0.005   0.25    1       0.73    0.02    
60   load           0       0       0       0       0       0       0       0       1       0       0.5     0.001   0.0     0       0.13    0.87    
149  getelementptr  0       0       0       0       0       0       0       1       0       0       1.0     0.001   0.2     1       0.73    0.07    
202  getelementptr  0       0       0       0       0       0       0       1       0       0       1.0     0.001   0.04    1       0.74    0.21    
334  call           0       0       0       0       1       0       0       0       0       0       1.0     0.001   0.55    1       0.0     0.45    
238  load           0       0       0       0       0       0       0       0       1       0       0.5     0.003   0.04    1       0.06    0.9     
265  sext           0       0       0       0       0       0       1       0       0       0       1.0     0.001   0.19    1       0.73    0.08    
290  add            0       1       0       0       0       0       0       0       0       0       0.5     0.002   0.06    1       0.85    0.1     
16   call           0       0       0       0       1       0       0       0       0       0       1.0     0.0     0.06    1       0.17    0.77    
324  getelementptr  0       0       0       0       0       0       0       1       0       0       1.0     0.001   0.21    1       0.79    0.0     
273  sdiv           0       0       0       0       0       0       0       0       0       0       0.5     0.002   0.02    1       0.9     0.08    
483  getelementptr  0       0       0       0       0       0       0       1       0       0       1.0     0.002   0.17    1       0.77    0.06    
458  load           0       0       0       0       0       0       0       0       1       0       0.5     0.005   0.53    1       0.04    0.43    
70   sext           0       0       0       0       0       0       1       0       0       0       1.0     0.0     0.0     0       0.73    0.27    
239  sub            0       1       0       0       0       0       0       0       0       0       0.5     0.003   0.03    1       0.05    0.92    
341  sitofp         0       0       0       0       0       0       1       0       0       0       1.0     0.001   0.65    1       0.0     0.35    
442  sext           0       0       0       0       0       0       1       0       0       0       1.0     0.005   0.1     1       0.73    0.16    
256  getelementptr  0       0       0       0       0       0       0       1       0       0       1.0     0.001   0.24    1       0.74    0.02    
529  load           0       0       0       0       0       0       0       0       1       0       1.0     0.007   0.56    1       0.0     0.44    
242  load           0       0       0       0       0       0       0       0       1       0       0.5     0.002   0.34    1       0.0     0.66    
307  load           0       0       0       0       0       0       0       0       1       0       0.5     0.0     0.07    1       0.93    0.0     
481  extractvalue   0       0       0       0       0       0       0       0       0       0       1.0     0.002   0.58    1       0.0     0.42    
419  fsub           1       0       0       0       0       0       0       0       0       0       1.0     0.005   0.52    1       0.0     0.48    
47   load           0       0       0       0       0       0       0       0       1       0       1.0     0.001   0.0     0       0.74    0.26    
528  getelementptr  0       0       0       0       0       0       0       1       0       0       1.0     0.007   0.15    1       0.76    0.1     
421  sext           0       0       0       0       0       0       1       0       0       0       1.0     0.005   0.15    1       0.73    0.12    
353  load           0       0       0       0       0       0       0       0       1       0       0.5     0.002   0.96    1       0.04    0.0     
331  load           0       0       0       0       0       0       0       0       1       0       0.5     0.001   0.73    1       0.0     0.27    
535  fmul           1       0       0       0       0       0       0       0       0       0       1.0     0.007   0.57    1       0.0     0.43    
23   load           0       0       0       0       0       0       0       0       1       0       0.5     0.0     1.0     1       0.0     0.0     
500  alloca         0       0       0       0       0       0       0       1       0       0       1.0     0.007   0.03    1       0.78    0.19    
342  fmul           1       0       0       0       0       0       0       0       0       0       1.0     0.001   0.64    1       0.0     0.36    
118  load           0       0       0       0       0       0       0       0       1       0       1.0     0.0     0.27    1       0.73    0.0     
321  load           0       0       0       0       0       0       0       0       1       0       0.5     0.001   0.32    1       0.65    0.03    
457  load           0       0       0       0       0       0       0       0       1       0       0.5     0.005   0.53    1       0.05    0.42    
128  call           0       0       0       0       1       0       0       0       0       0       0.5     0.0     0.0     0       0.0     1.0     
260  getelementptr  0       0       0       0       0       0       0       1       0       0       1.0     0.001   0.25    1       0.73    0.01    
432  getelementptr  0       0       0       0       0       0       0       1       0       0       1.0     0.005   0.19    1       0.76    0.05    
152  sext           0       0       0       0       0       0       1       0       0       0       1.0     0.001   0.11    1       0.73    0.16    
59   load           0       0       0       0       0       0       0       0       1       0       0.5     0.001   0.0     0       0.01    0.99    
511  getelementptr  0       0       0       0       0       0       0       1       0       0       1.0     0.007   0.15    1       0.78    0.07    
267  getelementptr  0       0       0       0       0       0       0       1       0       0       1.0     0.001   0.23    1       0.74    0.03    
184  icmp           0       0       0       1       0       0       0       0       0       0       0.02    0.001   0.59    1       0.06    0.35    
450  load           0       0       0       0       0       0       0       0       1       0       0.5     0.005   0.25    1       0.6     0.15    
3    alloca         0       0       0       0       0       0       0       1       0       0       1.0     0.0     0.0     0       0.77    0.23    
423  getelementptr  0       0       0       0       0       0       0       1       0       0       1.0     0.005   0.19    1       0.74    0.07    
427  sext           0       0       0       0       0       0       1       0       0       0       1.0     0.005   0.2     1       0.73    0.07    
116  load           0       0       0       0       0       0       0       0       1       0       0.5     0.0     0.4     1       0.59    0.01    
223  alloca         0       0       0       0       0       0       0       1       0       0       1.0     0.0     0.11    1       0.79    0.1     
444  getelementptr  0       0       0       0       0       0       0       1       0       0       1.0     0.005   0.15    1       0.73    0.11    
308  add            0       1       0       0       0       0       0       0       0       0       0.5     0.0     0.07    1       0.93    0.0     
198  load           0       0       0       0       0       0       0       0       1       0       0.5     0.001   0.0     0       0.6     0.4     
172  alloca         0       0       0       0       0       0       0       1       0       0       1.0     0.0     0.03    1       0.81    0.16    
330  fdiv           1       0       0       0       0       0       0       0       0       0       1.0     0.001   0.73    1       0.0     0.27    
213  alloca         0       0       0       0       0       0       0       1       0       0       1.0     0.0     0.04    1       0.88    0.09    
18   fdiv           1       0       0       0       0       0       0       0       0       0       1.0     0.0     0.03    1       0.17    0.8     
225  alloca         0       0       0       0       0       0       0       1       0       0       1.0     0.0     0.06    1       0.8     0.14    
156  load           0       0       0       0       0       0       0       0       1       0       1.0     0.001   0.03    1       0.0     0.97    
97   getelementptr  0       0       0       0       0       0       0       1       0       0       1.0     0.001   0.04    1       0.73    0.22    
372  bitcast        0       0       0       0       0       0       1       0       0       0       1.0     0.005   0.13    1       0.79    0.09    
1    alloca         0       0       0       0       0       0       0       1       0       0       1.0     0.0     0.0     0       0.73    0.27    
67   getelementptr  0       0       0       0       0       0       0       1       0       0       1.0     0.0     0.01    1       0.73    0.26    
269  bitcast        0       0       0       0       0       0       1       0       0       0       1.0     0.001   0.18    1       0.76    0.06    
123  sext           0       0       0       0       0       0       1       0       0       0       1.0     0.0     0.2     1       0.73    0.06    
479  bitcast        0       0       0       0       0       0       1       0       0       0       1.0     0.002   0.17    1       0.78    0.05    
102  add            0       1       0       0       0       0       0       0       0       0       0.5     0.001   0.91    1       0.03    0.06    
366  sext           0       0       0       0       0       0       1       0       0       0       1.0     0.005   0.19    1       0.73    0.08    
414  getelementptr  0       0       0       0       0       0       0       1       0       0       1.0     0.005   0.15    1       0.73    0.12    
248  load           0       0       0       0       0       0       0       0       1       0       1.0     0.001   0.2     1       0.73    0.06    
362  load           0       0       0       0       0       0       0       0       1       0       0.5     0.005   0.4     1       0.6     0.0     
40   sext           0       0       0       0       0       0       1       0       0       0       1.0     0.001   0.18    1       0.73    0.08    
359  icmp           0       0       0       1       0       0       0       0       0       0       0.02    0.007   0.69    1       0.09    0.22    
416  load           0       0       0       0       0       0       0       0       1       0       1.0     0.005   0.4     1       0.0     0.6     
125  getelementptr  0       0       0       0       0       0       0       1       0       0       1.0     0.0     0.27    1       0.73    0.0     
474  getelementptr  0       0       0       0       0       0       0       1       0       0       1.0     0.002   0.18    1       0.76    0.06    
468  bitcast        0       0       0       0       0       0       1       0       0       0       1.0     0.002   0.17    1       0.75    0.07    
41   load           0       0       0       0       0       0       0       0       1       0       1.0     0.001   0.24    1       0.73    0.03    
147  load           0       0       0       0       0       0       0       0       1       0       1.0     0.001   0.2     1       0.73    0.06    
453  getelementptr  0       0       0       0       0       0       0       1       0       0       1.0     0.005   0.17    1       0.74    0.08    
201  getelementptr  0       0       0       0       0       0       0       1       0       0       1.0     0.001   0.04    1       0.74    0.21    
117  sext           0       0       0       0       0       0       1       0       0       0       1.0     0.0     0.2     1       0.73    0.07    
509  getelementptr  0       0       0       0       0       0       0       1       0       0       1.0     0.007   0.18    1       0.77    0.05    
377  load           0       0       0       0       0       0       0       0       1       0       1.0     0.005   0.81    1       0.0     0.19    
533  getelementptr  0       0       0       0       0       0       0       1       0       0       1.0     0.007   0.13    1       0.76    0.11    
84   icmp           0       0       0       1       0       0       0       0       0       0       0.02    0.001   1.0     1       0.0     0.0     
478  call           0       0       0       0       1       0       0       0       0       0       2.0     0.002   0.66    1       0.0     0.34    
351  icmp           0       0       0       1       0       0       0       0       0       0       0.02    0.003   0.89    1       0.11    0.0     
197  sitofp         0       0       0       0       0       0       1       0       0       0       1.0     0.001   0.03    1       0.0     0.97    
367  load           0       0       0       0       0       0       0       0       1       0       1.0     0.005   0.25    1       0.73    0.02    
153  load           0       0       0       0       0       0       0       0       1       0       1.0     0.001   0.15    1       0.73    0.12    
226  alloca         0       0       0       0       0       0       0       1       0       0       1.0     0.0     0.03    1       0.79    0.18    
120  getelementptr  0       0       0       0       0       0       0       1       0       0       1.0     0.0     0.26    1       0.73    0.0     
240  icmp           0       0       0       1       0       0       0       0       0       0       0.02    0.003   0.62    1       0.06    0.31    
253  load           0       0       0       0       0       0       0       0       1       0       0.5     0.001   0.38    1       0.59    0.03    
191  getelementptr  0       0       0       0       0       0       0       1       0       0       1.0     0.001   0.16    1       0.74    0.1     
106  load           0       0       0       0       0       0       0       0       1       0       0.5     0.0     0.0     0       1.0     0.0     
144  load           0       0       0       0       0       0       0       0       1       0       0.5     0.001   1.0     1       0.0     0.0     
99   call           0       0       0       0       1       0       0       0       0       0       0.5     0.001   0.0     0       0.0     1.0     
462  bitcast        0       0       0       0       0       0       1       0       0       0       1.0     0.002   0.15    1       0.78    0.07    
452  load           0       0       0       0       0       0       0       0       1       0       1.0     0.005   0.17    1       0.74    0.08    
409  getelementptr  0       0       0       0       0       0       0       1       0       0       1.0     0.005   0.25    1       0.74    0.01    
244  icmp           0       0       0       1       0       0       0       0       0       0       0.02    0.002   0.73    1       0.0     0.27    
131  add            0       1       0       0       0       0       0       0       0       0       0.5     0.0     0.81    1       0.03    0.16    
530  fmul           1       0       0       0       0       0       0       0       0       0       1.0     0.007   0.59    1       0.0     0.41    
29   bitcast        0       0       0       0       0       0       1       0       0       0       1.0     0.0     0.0     0       0.81    0.19    
159  load           0       0       0       0       0       0       0       0       1       0       0.5     0.001   0.92    1       0.03    0.05    
177  load           0       0       0       0       0       0       0       0       1       0       1.0     0.0     0.2     1       0.8     0.0     
476  getelementptr  0       0       0       0       0       0       0       1       0       0       1.0     0.002   0.18    1       0.76    0.07    
504  getelementptr  0       0       0       0       0       0       0       1       0       0       1.0     0.007   0.18    1       0.78    0.04    
522  fmul           1       0       0       0       0       0       0       0       0       0       1.0     0.007   0.42    1       0.0     0.58    
348  load           0       0       0       0       0       0       0       0       1       0       0.5     0.003   0.73    1       0.01    0.26    
496  add            0       1       0       0       0       0       0       0       0       0       0.5     0.001   0.84    1       0.03    0.13    
526  getelementptr  0       0       0       0       0       0       0       1       0       0       1.0     0.007   0.13    1       0.76    0.11    
429  getelementptr  0       0       0       0       0       0       0       1       0       0       1.0     0.005   0.26    1       0.73    0.01    
356  load           0       0       0       0       0       0       0       0       1       0       0.5     0.007   0.58    1       0.01    0.41    
150  load           0       0       0       0       0       0       0       0       1       0       1.0     0.001   0.2     1       0.0     0.8     
173  alloca         0       0       0       0       0       0       0       1       0       0       1.0     0.0     0.03    1       0.81    0.16    
164  alloca         0       0       0       0       0       0       0       1       0       0       1.0     0.0     0.0     0       0.78    0.22    
262  bitcast        0       0       0       0       0       0       1       0       0       0       1.0     0.001   0.25    1       0.73    0.01    
437  load           0       0       0       0       0       0       0       0       1       0       1.0     0.005   0.23    1       0.74    0.03    
406  sext           0       0       0       0       0       0       1       0       0       0       1.0     0.005   0.2     1       0.73    0.07    
259  load           0       0       0       0       0       0       0       0       1       0       1.0     0.001   0.25    1       0.73    0.02    
220  alloca         0       0       0       0       0       0       0       1       0       0       1.0     0.0     0.03    1       0.88    0.09    
326  getelementptr  0       0       0       0       0       0       0       1       0       0       1.0     0.001   0.16    1       0.81    0.03    
86   load           0       0       0       0       0       0       0       0       1       0       0.5     0.001   1.0     1       0.0     0.0     
35   icmp           0       0       0       1       0       0       0       0       0       0       0.02    0.001   0.91    1       0.0     0.09    
318  sub            0       1       0       0       0       0       0       0       0       0       0.5     0.001   0.12    1       0.04    0.84    
446  load           0       0       0       0       0       0       0       0       1       0       1.0     0.005   0.5     1       0.0     0.5     
487  bitcast        0       0       0       0       0       0       1       0       0       0       1.0     0.002   0.18    1       0.75    0.07    
254  sext           0       0       0       0       0       0       1       0       0       0       1.0     0.001   0.19    1       0.73    0.08    
174  alloca         0       0       0       0       0       0       0       1       0       0       1.0     0.0     0.06    1       0.81    0.12    
288  load           0       0       0       0       0       0       0       0       1       0       0.5     0.002   0.05    1       0.85    0.09    
513  getelementptr  0       0       0       0       0       0       0       1       0       0       1.0     0.007   0.19    1       0.76    0.06    
387  getelementptr  0       0       0       0       0       0       0       1       0       0       1.0     0.005   0.19    1       0.78    0.04    
194  fdiv           1       0       0       0       0       0       0       0       0       0       1.0     0.001   0.2     1       0.0     0.8     
48   getelementptr  0       0       0       0       0       0       0       1       0       0       1.0     0.001   0.0     0       0.74    0.26    
394  bitcast        0       0       0       0       0       0       1       0       0       0       1.0     0.005   0.22    1       0.76    0.02    
49   getelementptr  0       0       0       0       0       0       0       1       0       0       1.0     0.001   0.01    1       0.74    0.24    
214  alloca         0       0       0       0       0       0       0       1       0       0       1.0     0.0     0.07    1       0.82    0.11    
157  call           0       0       0       0       1       0       0       0       0       0       0.5     0.001   0.0     0       0.0     1.0     
38   sitofp         0       0       0       0       0       0       1       0       0       0       1.0     0.001   0.88    1       0.0     0.12    
393  bitcast        0       0       0       0       0       0       1       0       0       0       1.0     0.005   0.17    1       0.81    0.01    
369  bitcast        0       0       0       0       0       0       1       0       0       0       1.0     0.005   0.2     1       0.78    0.02    
328  load           0       0       0       0       0       0       0       0       1       0       0.5     0.001   0.75    1       0.0     0.25    
87   load           0       0       0       0       0       0       0       0       1       0       0.5     0.001   0.26    1       0.59    0.15    
396  load           0       0       0       0       0       0       0       0       1       0       0.5     0.005   0.39    1       0.59    0.01    
113  icmp           0       0       0       1       0       0       0       0       0       0       0.02    0.0     1.0     1       0.0     0.0     
222  alloca         0       0       0       0       0       0       0       1       0       0       1.0     0.0     0.06    1       0.77    0.16    
527  load           0       0       0       0       0       0       0       0       1       0       1.0     0.007   0.51    1       0.0     0.49    
501  alloca         0       0       0       0       0       0       0       1       0       0       1.0     0.007   0.07    1       0.79    0.14    
37   load           0       0       0       0       0       0       0       0       1       0       0.5     0.001   1.0     1       0.0     0.0     
45   load           0       0       0       0       0       0       0       0       1       0       0.5     0.001   0.0     0       0.6     0.4     
77   add            0       1       0       0       0       0       0       0       0       0       0.5     0.0     0.05    1       0.03    0.92    
339  fdiv           1       0       0       0       0       0       0       0       0       0       1.0     0.001   0.64    1       0.0     0.36    
203  load           0       0       0       0       0       0       0       0       1       0       1.0     0.001   0.03    1       0.0     0.97    
304  icmp           0       0       0       1       0       0       0       0       0       0       0.02    0.001   0.75    1       0.25    0.0     
378  getelementptr  0       0       0       0       0       0       0       1       0       0       1.0     0.005   0.17    1       0.75    0.07    
407  load           0       0       0       0       0       0       0       0       1       0       1.0     0.005   0.25    1       0.74    0.01    
472  load           0       0       0       0       0       0       0       0       1       0       1.0     0.002   0.54    1       0.0     0.46    
277  load           0       0       0       0       0       0       0       0       1       0       0.5     0.004   0.19    1       0.16    0.65    
264  load           0       0       0       0       0       0       0       0       1       0       0.5     0.001   0.38    1       0.59    0.03    
246  load           0       0       0       0       0       0       0       0       1       0       0.5     0.001   0.29    1       0.59    0.11    
391  extractvalue   0       0       0       0       0       0       0       0       0       0       1.0     0.005   0.66    1       0.0     0.34    
251  bitcast        0       0       0       0       0       0       1       0       0       0       1.0     0.001   0.2     1       0.73    0.06    
350  sub            0       1       0       0       0       0       0       0       0       0       0.5     0.003   0.12    1       0.1     0.78    
221  alloca         0       0       0       0       0       0       0       1       0       0       1.0     0.0     0.04    1       0.84    0.12    
