indextype           float   int     logical cmp     call    shift   trans   memory  load    phi     width   cycle   SDC     Symptom Masked  
19   load           0       0       0       0       0       0       0       0       1       0       1.0     0.045   0.02    1       0.0     0.98    
71   getelementptr  0       0       0       0       0       0       0       1       0       0       1.0     0.001   0.24    1       0.76    0.0     
1    alloca         0       0       0       0       0       0       0       1       0       0       1.0     0.001   0.02    1       0.77    0.2     
3    alloca         0       0       0       0       0       0       0       1       0       0       1.0     0.001   0.05    1       0.8     0.15    
31   shl            0       0       0       0       0       1       0       0       0       0       1.0     0.045   0.26    1       0.0     0.74    
53   bitcast        0       0       0       0       0       0       1       0       0       0       1.0     0.001   0.24    1       0.75    0.0     
20   and            0       0       1       0       0       0       0       0       0       0       1.0     0.045   0.48    1       0.0     0.52    
25   shl            0       0       0       0       0       1       0       0       0       0       1.0     0.045   0.23    1       0.0     0.77    
51   load           0       0       0       0       0       0       0       0       1       0       1.0     0.001   0.24    1       0.76    0.0     
36   icmp           0       0       0       1       0       0       0       0       0       0       0.02    0.045   1.0     1       0.0     0.0     
58   alloca         0       0       0       0       0       0       0       1       0       0       1.0     0.0     0.14    1       0.75    0.11    
78   add            0       1       0       0       0       0       0       0       0       0       0.5     0.001   0.97    1       0.03    0.0     
2    alloca         0       0       0       0       0       0       0       1       0       0       1.0     0.001   0.04    1       0.82    0.14    
40   sub            0       1       0       0       0       0       0       0       0       0       1.0     0.013   0.78    1       0.0     0.22    
35   load           0       0       0       0       0       0       0       0       1       0       1.0     0.045   0.24    1       0.0     0.76    
43   add            0       1       0       0       0       0       0       0       0       0       1.0     0.013   0.96    1       0.0     0.04    
24   load           0       0       0       0       0       0       0       0       1       0       1.0     0.045   0.22    1       0.0     0.78    
72   load           0       0       0       0       0       0       0       0       1       0       0.5     0.001   1.0     1       0.0     0.0     
30   load           0       0       0       0       0       0       0       0       1       0       1.0     0.045   0.26    1       0.0     0.74    
73   getelementptr  0       0       0       0       0       0       0       1       0       0       1.0     0.001   0.1     1       0.76    0.15    
47   load           0       0       0       0       0       0       0       0       1       0       0.5     0.045   0.93    1       0.03    0.04    
5    alloca         0       0       0       0       0       0       0       1       0       0       1.0     0.001   0.1     1       0.78    0.12    
34   load           0       0       0       0       0       0       0       0       1       0       1.0     0.045   0.68    1       0.0     0.32    
28   shl            0       0       0       0       0       1       0       0       0       0       1.0     0.045   0.92    1       0.0     0.08    
48   add            0       1       0       0       0       0       0       0       0       0       0.5     0.045   0.92    1       0.03    0.05    
64   load           0       0       0       0       0       0       0       0       1       0       0.5     0.001   0.76    1       0.0     0.24    
17   load           0       0       0       0       0       0       0       0       1       0       1.0     0.045   0.89    1       0.0     0.11    
67   load           0       0       0       0       0       0       0       0       1       0       0.5     0.001   1.0     1       0.0     0.0     
65   icmp           0       0       0       1       0       0       0       0       0       0       0.02    0.001   1.0     1       0.0     0.0     
6    alloca         0       0       0       0       0       0       0       1       0       0       1.0     0.001   0.05    1       0.8     0.15    
38   load           0       0       0       0       0       0       0       0       1       0       1.0     0.013   0.78    1       0.0     0.22    
56   alloca         0       0       0       0       0       0       0       1       0       0       1.0     0.0     0.0     0       0.77    0.23    
70   load           0       0       0       0       0       0       0       0       1       0       0.5     0.001   1.0     1       0.0     0.0     
42   load           0       0       0       0       0       0       0       0       1       0       1.0     0.013   0.96    1       0.0     0.04    
32   add            0       1       0       0       0       0       0       0       0       0       1.0     0.045   0.27    1       0.0     0.73    
14   load           0       0       0       0       0       0       0       0       1       0       0.5     0.047   0.78    1       0.0     0.22    
68   sext           0       0       0       0       0       0       1       0       0       0       1.0     0.001   0.5     1       0.0     0.5     
75   call           0       0       0       0       1       0       0       0       0       0       0.5     0.001   0.0     0       0.0     1.0     
4    alloca         0       0       0       0       0       0       0       1       0       0       1.0     0.001   0.08    1       0.78    0.14    
59   alloca         0       0       0       0       0       0       0       1       0       0       1.0     0.0     0.08    1       0.78    0.14    
77   load           0       0       0       0       0       0       0       0       1       0       0.5     0.001   0.97    1       0.03    0.0     
21   lshr           0       0       0       0       0       1       0       0       0       0       1.0     0.045   0.92    1       0.0     0.08    
15   icmp           0       0       0       1       0       0       0       0       0       0       0.02    0.047   0.98    1       0.0     0.02    
52   bitcast        0       0       0       0       0       0       1       0       0       0       1.0     0.001   0.24    1       0.76    0.0     
39   load           0       0       0       0       0       0       0       0       1       0       1.0     0.013   0.78    1       0.0     0.22    
22   add            0       1       0       0       0       0       0       0       0       0       1.0     0.045   0.92    1       0.0     0.08    
57   alloca         0       0       0       0       0       0       0       1       0       0       1.0     0.0     0.05    1       0.8     0.16    
74   load           0       0       0       0       0       0       0       0       1       0       0.5     0.001   1.0     1       0.0     0.0     
18   shl            0       0       0       0       0       1       0       0       0       0       1.0     0.045   0.92    1       0.0     0.08    
27   load           0       0       0       0       0       0       0       0       1       0       1.0     0.045   0.91    1       0.0     0.09    
